Sorted Array:
62
663
2004
4713
4946
5617
6761
8203
9038
9366
10676
10825
12671
14957
15836
16736
16884
16948
17672
18131
18993
19700
20422
21332
21503
22463
23674
23823
25846
28135
30488
31139
31833
31860
32304
33527
34102
34235
36631
36769
37810
38043
39101
40449
41232
42162
42824
43737
43927
45076
45196
45392
45832
46015
46114
47119
47925
48102
48179
49129
49390
49955
50172
50815
51158
51180
51470
51758
53426
54980
55528
57116
57227
57268
58193
61911
69449
71208
71866
72205
72334
72916
74110
74764
74892
76572
77763
78824
79067
81186
81320
81826
82157
84983
86273
88452
89353
89482
90347
90779
93530
97182
98571
100141
100395
101341
101857
101891
102717
103068
103356
103798
107346
107525
108816
110047
110159
111184
115499
115975
116344
118034
119375
119545
125220
125568
127109
129388
130293
134512
135245
136965
138137
139177
139907
143584
144353
144365
145934
149022
151819
152112
154235
154715
155945
157246
158155
159458
161125
161741
161857
162655
166733
168386
168537
170272
170758
171229
171306
172158
172523
172691
173995
174321
177381
177485
177625
179619
180312
180972
181487
184078
184208
184386
184406
186643
187714
188927
189938
190300
192190
192233
192545
193732
193881
194899
195976
196367
197774
199485
199794
200645
200974
201433
206381
206466
207828
209378
209567
209694
210891
212233
212260
213603
219098
219296
219607
219619
220382
220446
221080
221221
222470
224091
225608
226049
226608
228279
228769
229207
229945
230269
230720
232668
234327
235424
236451
236489
237069
237265
239537
240346
240889
240929
241214
243061
244706
246530
246712
247117
247237
251929
252705
252903
253611
254286
254556
256387
256914
257834
261760
261987
262820
263306
264563
264803
265111
266234
267007
268603
269355
271268
271421
271587
273018
273199
276442
276453
276770
277118
277724
278568
280854
281585
282114
282751
284370
285182
287052
290594
291315
291488
292395
294929
295822
297101
297195
298798
299412
299565
300676
302471
303488
304192
304442
305167
307923
309663
309699
309713
309813
310117
310932
311717
313262
313652
315025
316290
316395
316702
316844
317944
318865
320187
321037
321669
324721
325054
325363
326269
326621
326647
327359
327549
329034
329216
329809
330266
330363
331081
331481
332400
332796
334936
334958
335592
336009
337403
338891
338997
341989
342595
342940
343117
343292
343548
345382
346512
346606
346609
347182
347578
347817
348087
348913
349245
350211
350396
351350
352546
353812
355275
355524
355817
356918
357738
357744
361026
363370
363599
366245
366603
367049
367752
372007
372027
374841
375427
375567
375924
376622
377391
381123
381208
382936
383211
384102
385149
386220
387949
389204
389713
390125
391715
392461
393488
396321
397412
397887
398414
398538
398862
399780
399913
400704
401067
401494
401551
401886
407664
409945
411190
411646
411700
413241
413325
413725
414534
415657
416658
418120
420254
422511
422943
422968
424054
424128
428757
429178
430200
430525
431868
432045
433241
434136
434176
434559
438727
438947
440616
442151
442430
442459
443919
443941
444281
446096
447826
448013
449153
452646
454120
456855
456886
457327
457975
459107
460024
462229
462830
463158
463404
464330
464960
466138
469429
471488
472727
475124
476432
476630
477179
478762
479039
481957
482182
484612
485346
485398
488044
489660
489919
489939
490704
491490
492494
493778
494013
498215
498446
499715
500538
501488
501738
501892
501962
504462
504555
504793
505943
507286
507610
508038
508109
508609
509622
510542
510724
511201
511954
513029
513521
514582
516879
518860
522774
523117
523214
524544
525260
526346
527975
528003
528408
528604
528673
531424
531634
532261
532489
533582
533781
533841
534318
534538
534715
536665
538495
541193
541832
543150
543273
543812
546322
547339
549357
550876
550893
552179
552785
554182
554986
555489
556412
556623
556688
557264
557338
557525
558524
561896
563922
564381
564750
565645
567216
568041
569562
569834
571000
571058
571378
572625
575747
576323
576585
580651
582644
583332
583662
583800
584597
585342
585504
585676
585802
588462
589308
591935
592069
593691
595167
595630
595791
596336
597622
598040
603043
603907
604057
604270
604430
604432
605741
605896
608907
609604
609727
610199
612931
613341
616164
616262
616621
616709
618202
618228
618595
619375
624749
625238
625882
627001
627347
630316
630378
631226
632887
633757
634025
634129
635254
635615
636737
637766
637799
638844
639466
639900
640169
641104
644057
644313
645869
646096
646396
647532
647708
648456
648490
648575
652665
652922
653582
656101
657950
657984
659798
662148
663628
666923
667249
667447
669393
670194
670233
671014
671901
673811
674549
675087
675337
676540
676801
678706
680839
681065
682901
683670
683694
685285
685415
685777
686304
686828
689464
690737
691057
691684
691736
692654
692672
693655
694548
695424
695769
697137
697835
698365
698930
699036
700597
701667
701816
702015
703739
704288
704917
706500
707653
710174
711132
711815
712017
712160
712508
713308
713977
714265
715427
716805
718019
723980
724876
725271
728843
729058
730868
732463
733620
734614
734744
734756
735577
736617
737067
738172
739066
739427
741380
743492
745922
747110
747353
747752
749172
749537
750618
752057
752749
753194
756428
756547
757569
760967
760998
762005
763481
763552
763725
764495
766126
770802
771332
773315
773907
774363
775206
778227
778820
779837
784384
784815
785120
785572
786236
786738
787421
791924
793128
793349
794535
794766
795435
797162
797342
798245
800059
800199
801423
802110
802163
802413
802787
805693
807056
808806
808844
808847
809535
810226
811046
812349
814040
816028
816579
819748
821132
823105
824364
824374
825386
825578
825982
826840
827791
829320
829573
831686
832444
832810
832816
832904
833316
834697
836309
836402
837264
837418
838076
838606
838994
839325
839790
840703
841328
842086
842696
843097
844340
846359
846551
847127
847970
849440
849832
850030
851080
851131
851531
852561
852676
853515
856339
857016
857496
858073
859580
860584
860608
860807
861074
863403
864072
864730
866653
867061
867237
867394
868300
871488
871905
871987
871999
872075
872694
872701
874900
875212
875851
878843
879601
879648
880672
881072
881203
883412
885404
885513
885862
888580
888627
889373
889559
889845
889932
890221
891188
892301
892307
892955
893126
893524
894096
895270
897426
897468
897904
899256
899799
900092
900517
903196
903207
903835
903857
907923
908281
908396
910477
910661
912520
912960
914066
915029
919357
919736
919904
923544
927740
928882
929452
930034
933475
933536
933951
934112
934246
935881
937027
937487
937569
937575
940053
940157
940554
940656
941110
941427
941526
943027
945098
947314
947596
948299
951762
951797
951851
953151
955626
955740
956383
956386
956516
958810
959389
960138
960548
961769
962123
962613
962643
963381
964867
965082
965106
966888
970571
971479
972687
973453
974383
975526
979646
979967
981248
986133
986257
988633
990804
991140
991872
994008
994072
995191
995949
996121
996515
997113
997312

Number of swaps: 240283
Elapsed time: 0.000577 seconds
