64372
628363
731193
922346
170269
311189
263437
600696
749278
478383
839798
141142
51422
7408
728920
31949
21849
869996
951771
806994
732339
753771
628758
720132
489016
398959
146361
656457
354237
325994
118975
932812
468561
364372
855158
638830
675561
632800
239526
424839
111183
79324
565980
676809
600935
294900
708757
136988
679100
174733
943981
411439
928503
572740
131572
931724
485903
792136
588181
354344
118130
707155
287156
100896
585732
656518
253930
261293
289318
493455
200336
914705
86983
766315
105719
202123
575419
814475
339110
254520
503413
797296
180163
431916
884240
825938
363640
370143
618074
951821
724486
250409
173181
525846
351304
758912
182364
605233
534409
985886
612892
734744
414796
214079
15264
520514
416201
104888
849193
269516
873611
352606
66812
53774
298727
465256
879712
662366
835398
11991
128392
74089
262399
815777
599934
127907
88894
296502
733139
623303
796592
860235
872251
211388
588519
401720
246106
518924
506607
609504
788439
380218
962109
369455
948195
775040
834710
827907
437407
184313
354103
80003
258401
616501
895779
858334
258613
984673
669041
991751
122181
465633
366192
994431
677021
954710
396151
437331
987838
416962
46835
776278
797179
523149
659937
745375
298189
494648
87487
735595
678960
955793
329803
451566
572295
225582
824104
830907
724459
493145
336863
846639
958778
217259
355276
150004
686173
265631
101539
674012
682593
148374
964494
993976
671522
624431
739351
483915
633283
341043
733715
826448
296836
63518
278014
383335
803303
102118
728446
527763
109468
579514
888606
582450
796772
243882
732453
482946
23718
833991
671162
706310
496569
635656
700286
682295
774291
953842
166211
407575
294885
899925
748227
105925
963442
26241
489260
280950
642562
217706
808712
752029
311424
697319
334479
108197
455405
581136
105347
479122
929332
290713
699636
425901
926368
399923
622401
214864
867969
788611
622438
677058
202741
370665
782982
680387
911109
786446
961336
553672
518357
770049
819905
829780
981572
668589
452181
951181
249725
557527
944508
693261
848239
644144
119163
288812
558271
255768
503676
426240
558583
640318
103298
761323
525188
400485
441710
950501
186931
917250
18378
219492
201504
838283
49273
183076
506872
501453
648462
270801
573185
592970
964062
421424
237114
597429
224441
309590
853196
728116
250034
411779
882638
353332
687306
407826
268021
129016
358328
454951
560470
890909
674443
761974
729192
237920
459254
750268
739372
107716
535274
312557
700685
499336
248186
452004
610969
472626
275798
464165
714946
525831
390148
597584
393367
77454
519615
661387
720673
392147
630543
281143
283056
819190
43117
526453
57110
502371
790925
310686
124291
326199
623243
339181
825534
385633
791184
436503
372463
581186
414872
87409
107017
805019
199197
500384
396677
233016
675975
117350
139367
306518
912697
936627
125708
470018
463080
182817
972388
254005
493503
610884
580204
630950
950064
919942
16583
255453
870650
903249
836638
285522
990657
943654
604746
704058
958242
515627
937074
634218
147182
590645
940735
59879
527272
580648
529896
990351
763464
16490
758561
771171
627373
852969
402121
577437
287116
932907
832889
157766
836156
669527
957492
341018
127386
562238
45077
599833
592069
496355
748255
739250
87000
688990
799128
614272
783842
329025
118828
547307
859718
391593
832682
487091
244562
749008
64528
45883
196120
411621
203648
32277
595352
161140
887498
236942
237582
446779
836774
829651
943133
585029
568901
544338
788224
882234
158610
572066
725463
791641
633577
585181
183235
466260
586476
942000
215268
651003
987882
411387
576828
705735
957867
172180
381079
359571
409121
618661
806349
760100
962516
263688
859333
45622
808025
647557
927855
480839
733828
167523
272480
881609
752703
969918
347869
853383
426124
77341
504386
928210
2933
595418
633945
475004
281802
15025
834574
690923
147890
155129
965227
624610
418816
824560
670231
741045
986322
112292
221884
720150
279814
8568
115964
546722
492691
978037
400105
918814
55378
418696
361229
572514
528318
509379
561723
810120
524403
910501
15248
186497
65630
980474
811106
998649
805034
481337
739694
305561
107833
475782
539915
901851
998554
655879
962777
491245
633916
362882
924263
203498
295782
799696
290217
824100
309075
851939
148425
347682
762440
163672
534178
828070
144146
859488
340924
463384
855030
594823
768945
962862
584809
308860
864713
583363
478943
341695
588812
112859
218782
27280
830561
514563
341181
120778
852867
650255
972716
1292
997937
735156
679167
46320
77431
823312
905808
932559
800901
760838
527382
569846
237905
112191
392910
616823
209759
871853
958517
312775
498916
177299
854259
329477
691862
195440
964458
58934
845694
937174
574430
357836
186536
253597
918360
778170
591114
824168
710729
392015
99211
238111
476065
337115
864506
383179
953937
588469
769236
912455
901243
268153
89754
755502
111834
295820
950941
76293
868958
310841
527671
957592
668676
714206
211189
587036
6582
316507
925408
717310
708521
24619
955421
698790
875938
334132
81970
829875
922600
851205
256535
823843
633562
860493
93551
259601
670517
44492
335893
53680
355332
377768
11272
538213
606179
736665
125249
612760
53172
564862
330070
275898
103685
799695
974687
979622
133827
570861
323703
570631
936271
580237
394475
569833
954934
488025
829433
625452
46721
679530
679131
402053
57299
204608
454470
177682
941272
579718
790441
994443
658784
120511
784545
762469
434411
273438
742091
568237
844298
579998
138869
780569
674440
47548
864607
629374
49777
208245
769030
96497
887775
962366
12754
459278
166974
467223
636959
622450
561146
941604
616893
734134
62115
915643
496603
496525
189081
752899
578967
547583
332897
232040
328153
7337
793791
706964
150916
843567
915208
919945
454268
317188
396516
981226
290670
563489
448449
441833
185939
523799
383437
317037
257934
959756
232680
754536
970485
935964
21640
63657
483547
354537
809900
325904
876077
603691
32868
26993
961462
462281
946938
415731
293673
343454
396957
98548
421148
359610
540380
121291
397614
438022
952531
655547
911982
699415
924287
396672
635379
945927
460329
118927
814668
270229
959034
690745
873920
506107
231943
835382
968387
693085
765317
776264
550743
676478
874811
971890
36089
415192
607386
433702
367418
559917
603453
279400
259333
527740
676071
894711
987871
650604
527842
802539
435038
1082
7490
308958
507188
239432
658544
475575
932516
938066
251839
483259
614544
126651
969354
164837
56047
576740
112743
423464
650861
716195
217068
910193
758140
407343
319110
746011
57948
361156
62756
492985
362237
584449
316147
869424
823880
488895
859203
270601
426961
625247
268064
555710
751897
751622
234751
322148
842566
347494
259816
493428
63689
476883
917825
336033
884225
236935
82045
456377
112296
659004
949361
474532
243453
265508
858161
581537
268608
717364
366342
695568
342611
634405
765482
608712
900232
234
445064
742798
347727
704879
236226
925619
695966
154052
261653
94397
905190
857901
550773
17486
31110
500135
6223
788766
279847
864383
370303
548454
95952
736644
758227
438563
885253
523709
561479
785485
38147
520748
42489
900077
225627
278714
825697
435798
946969
601554
530194
366365
973659
80967
383850
518973
95306
904276
307739
375153
768659
678041
437811
864611
928889
196038
817378
328347
233952
893061
113833
786302
413809
670525
686380
153641
949238
26282
589438
410413
142040
119632
776777
629903
714802
674831
148876
810108
579108
456614
185261
861971
648859
137276
240787
91953
847518
572369
420299
595674
979635
48336
381976
393444
718860
582560
61289
182304
123046
650726
592716
265085
284562
883697
894987
999364
72733
558067
809472
166045
528885
508937
28017
691948
646212
783007
783900
7935
869581
204200
603608
849216
766739
499789
756864
485600
82349
818153
667903
205395
468879
774823
984683
267646
172725
393876
267010
245457
951942
76482
925706
995032
99623
467927
686980
260039
250934
985085
267974
120515
703489
385786
483935
470228
885574
240800
955827
482128
58953
137935
201727
42036
426962
186410
309681
113891
580285
90895
873552
46433
681580
799258
555669
781202
267185
242649
41242
32323
741938
823419
152838
445427
209205
636772
915655
608984
391776
385687
91112
450728
37827
292838
6969
978992
479247
830853
92884
573737
921748
966435
134374
603328
279898
690042
898735
547082
446895
454181
93609
188834
277600
760650
634260
1009
911627
64120
609992
303403
449807
701103
268336
487633
508145
275304
466625
987392
106157
73713
75334
542109
554352
209707
659642
834249
413953
558377
895535
375052
12558
989144
563885
804361
749794
712350
805369
661421
776469
929566
964824
740480
630669
747364
742317
138815
22668
208943
640411
643028
796859
229949
185138
351212
953859
358984
185461
367812
917360
80997
742863
444122
584345
820953
762687
334139
47508
82261
509765
338181
11827
988793
78662
156701
736157
820978
809719
758824
544125
964334
916056
340985
194283
615398
692196
148142
974381
391861
30158
405946
472857
773020
850067
571406
108178
126959
905545
155685
209220
929514
493866
735250
918307
86732
891950
654464
907709
215874
927492
451835
180208
843548
307024
888694
458947
999219
36836
947532
391080
66993
353479
378142
354218
717750
949547
976599
844709
369297
132285
568133
298811
140355
303383
731322
227086
709538
648999
925411
313278
100834
105620
671031
922061
994313
644182
921280
545354
591714
826565
126551
945192
718911
480768
177148
182663
971572
21857
66165
618061
589989
879179
758415
407576
610502
499705
117114
510492
148704
42526
337975
763742
662349
9006
685803
170867
653187
121289
716220
759105
462058
842771
218503
695173
837743
395650
392040
809315
931710
458204
427376
35904
851588
699995
443479
462090
199700
560593
972581
862608
603118
310556
140555
779671
833765
826357
950537
1157
461850
180963
760262
438112
23734
492969
133285
375681
888618
525325
699201
820328
497733
126577
856231
349321
340777
299710
325615
54681
374507
812401
917288
491829
122957
57843
271500
470927
398405
222038
472083
374459
403000
746549
812571
940937
239518
945855
830822
128136
985384
530023
462668
483118
656600
833103
346643
997376
647018
672258
566261
21525
484659
483550
513354
121820
55597
299058
592746
968205
35300
579034
342665
952503
325583
155236
893440
79306
615295
724263
721645
114885
254286
698518
112207
425090
531621
458849
936670
692843
645311
502932
714368
644174
500686
741926
765994
556282
555188
872944
524488
590488
966182
381357
542991
805970
50797
950636
885275
666091
674899
606920
780975
443389
819642
407386
382684
351264
866235
319354
44107
25751
336490
272679
669925
837175
528809
950123
907662
83998
337272
946354
674485
303455
327711
217476
109425
378507
682316
508904
558802
357215
630028
853982
314809
449671
261368
697492
800934
641807
531050
359245
667558
381745
146129
851687
733124
674937
801810
154991
273139
139082
101345
947623
956740
943259
679304
835970
361620
575068
908977
233040
205097
762959
62053
654767
538531
759544
969905
180339
804798
843354
362101
700747
989482
727992
433872
178625
529802
588862
451763
183088
204412
913591
139829
661875
592895
720197
497846
468719
295266
921027
701758
14567
683986
763810
183538
736721
37559
667647
917059
356562
511001
793364
57309
14689
521356
5385
707517
565362
108452
159280
262655
827067
72871
916687
488942
179970
636884
500992
648689
446354
422019
864651
975124
620209
142667
158662
356931
694429
826308
788194
565195
851514
581559
136709
380407
617119
142093
87924
696686
764748
761407
959340
591815
834278
876027
594962
528452
27116
610158
691345
473470
32178
70202
448594
652386
212868
121461
523521
421501
461973
311716
986696
313487
407479
123405
693893
24598
779701
296021
235488
58655
57429
709032
164674
405911
99264
759635
934362
126380
369794
139913
114054
916175
210114
76852
82766
937185
198312
606287
358686
660285
432207
859586
487976
839685
982990
696074
378487
276897
992094
613975
335551
563727
323007
500224
969637
422271
774064
904000
62855
658062
43913
176908
88442
768230
253759
171207
705415
966275
291698
64101
626560
723904
923687
628740
77794
420882
324814
456281
211983
831113
584460
547533
394840
907466
561962
364478
843941
336026
782682
906795
508292
340799
597907
596733
109029
365871
282144
814443
332146
573842
392748
472910
811950
830639
101650
403949
765726
940668
860229
977708
285986
958893
39447
195030
380564
601408
73712
224506
451638
856393
645505
959929
711396
757617
556662
820424
123488
838805
149072
455633
926851
56025
442747
253007
400868
58601
656955
166594
513473
31389
658507
799458
990281
697953
994488
885049
299361
68200
623759
265203
438798
269265
225132
150194
541086
295998
484823
664573
649007
148099
634410
90064
718327
77157
343070
119196
649961
514229
799993
163435
545617
458500
962892
50103
670657
471585
935151
484222
53990
558911
749424
492787
342380
488760
157185
883465
784757
642007
62243
947969
304311
696652
38033
22638
288013
895306
656037
937973
409535
970235
101408
955151
942939
578505
519458
613597
50090
454609
97819
104079
13520
361448
111070
355899
364412
268255
753568
149170
424466
815810
611343
242981
512462
163580
265619
314679
58886
435860
766857
468420
406095
382469
937775
349035
960973
457233
476836
525268
426046
88859
143551
439566
450306
254621
309669
814718
37080
63238
478092
461545
393252
603639
704526
419919
767218
484349
734597
340308
434413
15659
322932
840508
398128
260707
703747
359101
232144
180583
398573
658189
783645
542124
611959
748156
796744
435833
562874
833823
13275
555170
809572
406526
673013
514098
826444
954435
512651
75247
294743
947064
90905
617674
301777
489032
392585
5524
362338
624728
700310
760910
797121
483955
303034
923285
232111
613982
359118
309189
962009
372392
378563
771582
293122
51576
799884
633771
6011
312536
709017
814957
773804
314126
432631
75581
317363
825215
81104
679700
449943
295618
954814
761269
779572
257849
684554
11684
386035
557876
835076
348045
930267
213640
633831
737593
779419
433715
371364
299635
260455
80381
114592
34259
394507
547223
109839
711869
372438
705146
905773
336586
764
860587
612059
780336
632640
296613
306224
532880
854488
141300
880924
298960
869143
28960
36553
648563
462674
407917
462402
723129
2502
576993
757387
911212
124216
381431
137286
10859
86577
43059
861648
87341
417851
473707
867676
564695
284524
688104
97575
653216
343608
492703
466380
212752
521662
375519
498541
425053
837920
221670
941759
929117
493261
852971
53334
874691
990257
578396
475473
547520
954248
562813
479575
427955
944693
44271
226683
632797
656049
394103
490609
148753
860482
217565
184619
877618
593083
683159
816876
945207
419033
758635
874325
912294
611606
441863
301190
116068
534463
290867
177793
488711
853679
657367
430870
312577
215842
657552
459578
871891
565859
950187
534848
426341
167752
719466
303959
275040
402626
120835
734451
821658
393674
608776
248157
5281
564843
63552
635552
99306
354418
813344
102221
722302
984916
533090
34879
714962
704846
8662
101058
270705
958848
635905
211250
640804
355372
515209
915843
272202
150248
650295
608064
543922
773275
370426
63407
852323
948181
698958
465833
816803
26508
568054
539105
525628
101144
88189
240590
320195
96850
341648
590899
569902
491757
802149
210706
847128
831562
640754
633534
496014
805253
241599
554140
92733
612024
131751
459260
560205
344914
925093
891212
371421
493147
430318
411253
108495
32711
166047
428689
643764
21899
533793
213666
513656
850146
938575
874988
195913
93534
508523
206131
412991
264326
760271
505724
390554
892021
964983
464963
404281
356175
122560
897427
786492
48017
520127
333407
214064
948815
977170
235962
996812
190836
749617
361163
643616
138811
557075
251354
647333
763206
664345
911658
37682
684273
816416
443907
649256
281379
195047
567742
637553
831810
465169
938250
879827
985295
271657
608095
448316
763032
844056
959332
468072
107879
320496
111688
246689
877570
363042
408226
154981
27387
834088
706866
225864
650504
150774
389324
931882
860024
957065
83640
206039
422235
21890
85866
921734
807751
693960
884254
570783
52222
843587
38855
160100
164083
664747
920992
555857
541993
329218
710838
83584
677510
417704
309447
328014
82682
698770
774100
456910
655836
857739
662949
592275
393834
263019
514009
715789
471184
398264
800776
523405
756055
353835
197709
920137
18582
118701
475994
560574
962122
701036
644157
639632
632945
467808
481850
229831
166579
255950
686741
822414
627893
863894
928893
535931
126913
442902
251720
598096
355370
566700
635705
111425
920535
833413
545766
453321
466318
21761
528100
428440
722796
172257
582276
869945
154270
64126
99777
320848
320075
786517
657466
462173
164616
586359
998103
805732
543465
764028
403829
898835
844932
39534
524464
765467
387152
70231
218789
853469
606195
746888
796114
843195
433349
378390
713141
587618
442516
812917
422670
276795
113639
80136
738967
792458
180699
251276
598190
724164
529508
516223
137204
374440
69962
175872
139908
457113
246102
872900
310582
366501
133993
620900
723901
81546
999290
437042
183369
956010
764163
606038
232805
392006
200379
485977
698668
381077
737252
296858
619445
780964
813081
756648
155404
883042
932520
809515
854359
692826
682415
679145
573532
330612
300046
297433
412158
299336
248679
595526
255346
527046
715768
2355
433256
916146
488331
131924
811428
739787
428781
945077
520751
756066
215931
676155
639108
148451
485670
7672
355481
682290
686817
443217
12902
986862
740649
425059
286198
503532
534789
55748
30578
250558
58102
463833
680908
60638
595756
6541
800424
538742
465823
835380
294808
681753
511535
448121
344408
511409
455792
699888
707903
142609
143106
720805
129471
397959
660068
929872
901491
709062
985619
932068
473824
557926
910106
668936
618563
505862
675477
933191
44604
655504
768571
853616
337257
794310
301737
681664
305720
271733
895756
527827
414342
553066
762836
58017
465230
422905
987889
366721
646171
487713
812993
119995
45639
723099
788930
178406
743166
978611
111598
301974
634115
880168
155590
485576
674479
971530
167240
494403
243264
577201
22230
657605
130267
299271
229826
595496
722175
731919
476421
882550
219633
289415
2545
779475
526718
305679
957881
269884
284291
69479
571858
432610
463851
727447
918186
138330
698978
599630
146937
942241
176831
683371
114051
307098
982641
858080
416798
219021
590000
893219
101571
809632
696838
618319
103312
223556
923997
61193
493440
722492
644875
65298
155103
108727
306949
587493
761260
5927
187123
422402
462372
363954
105773
90627
185256
602618
948707
116258
335843
538707
9477
437413
348339
706314
569936
451650
929870
493933
27048
937514
730630
186127
2812
399937
294853
309760
987429
570318
829891
688756
506924
292263
52710
126901
382890
752169
729518
845801
868427
65361
384508
392108
16978
247051
98423
586913
212905
542497
595050
239952
480011
325680
940283
997026
239821
235136
820990
227250
319658
650881
916006
826581
457349
482920
953481
354443
749294
197204
200244
617721
776768
584751
9829
793745
831801
622455
894862
44706
679156
489913
798862
673371
329797
739145
670397
569618
488485
491388
796867
322348
656473
227078
663133
113822
224203
130820
468264
973496
842227
668507
105422
618996
767462
629454
412741
599263
766114
307604
158174
959474
311721
471240
632846
641517
724589
817447
211135
727278
823039
522207
563830
479513
263489
226964
107539
487691
871987
575803
975391
714214
758514
595017
333210
525977
738676
745951
639444
504790
567759
797617
464264
879479
783061
611314
35201
21855
428762
246336
749133
766005
282747
312963
759722
546235
54131
867261
548131
926117
957268
37727
640332
715782
632744
973541
241759
885624
233697
395408
904618
315660
707229
883086
709343
490291
494401
744544
512145
437367
990879
775482
203372
273626
602650
963094
334065
656780
344560
882195
97103
301828
434127
737434
17610
66871
225180
773573
466699
973081
168981
371317
802945
876209
254403
512289
880704
748803
256833
907054
700374
761916
196741
903746
549746
799390
381045
398015
970375
725604
280211
67478
27432
714337
319116
559245
295412
58500
332818
276315
545785
16003
647631
348731
406417
902033
861019
801325
165042
632056
708379
865415
908176
905120
283366
457922
218715
178615
370141
189090
904218
650351
770771
445854
878892
604091
519304
688508
662591
852121
964822
208376
382329
126658
71311
302950
28692
446534
104275
193733
78590
812654
573352
500970
231979
856718
473096
450693
35333
843237
153988
453756
7793
438963
413814
400890
43055
933117
89398
705645
299444
568425
428225
681772
209287
499536
984721
237978
946069
88996
945914
538864
415854
519267
39834
162037
890189
512930
126935
439726
356167
280922
893481
363959
234089
821500
764848
277143
754617
368451
496992
54061
451080
925217
250037
660366
938957
234758
412549
885026
837958
872667
938094
768016
391934
977928
930053
796327
5063
56988
236054
875433
852113
643739
753596
86202
465239
32650
363345
219857
401100
860336
788121
366384
299758
38159
540954
238715
787120
467707
637946
139283
340375
576040
907299
246513
68173
351557
42841
73235
408544
793098
948667
774861
951041
702264
861062
416281
734913
738611
150342
650217
113153
938462
530805
412910
490825
585963
165830
277946
53671
803775
417228
394045
379815
838731
640557
447988
190288
197602
35427
113036
990699
498299
887896
941741
714767
263164
872226
963884
1775
536772
128306
114927
475234
659110
42042
480264
759277
207871
758209
812947
11646
689641
721196
905664
42578
875958
867856
747069
587764
903283
374310
578464
915786
262206
34410
630553
39574
420840
594437
41349
957611
722742
670479
947049
896056
712520
941517
655333
434595
699726
982485
446240
903572
217886
866109
460354
93844
733965
721627
681608
151453
95937
774276
67239
872347
322890
697791
911920
292228
467473
215545
529174
652157
676798
425230
364677
618316
594768
799272
832246
91458
759716
250023
309343
625825
224581
403187
873995
946208
598999
25448
42145
887479
92687
914491
210369
790477
340617
982506
596910
808089
712255
640288
460246
389053
65519
339128
521573
174491
652604
868024
265948
926524
118047
575290
66555
342628
492681
940549
803040
605884
965996
845184
493363
58683
273881
217936
363365
614497
200442
474479
936790
912696
114767
911241
815954
694489
764573
851731
383184
931381
719755
649131
857905
837802
738626
924459
694634
745511
379213
497674
865600
345210
342858
873167
918096
130943
91104
795665
259644
805749
784348
710639
232651
899115
621880
562809
107809
900657
414540
490993
832038
134296
654328
204148
972097
907158
642812
180936
166875
22025
678609
32475
367234
535671
905641
799535
666614
510949
109405
440462
316699
893753
151101
63554
307073
287185
626362
414881
187842
40902
420078
534084
689401
74407
738232
661498
495769
381044
356638
662643
403068
35247
695117
284507
85123
114964
598246
265941
625912
707650
706402
456815
601403
857503
34573
422680
658892
660934
837561
846734
216041
257639
380818
419646
846249
633254
81145
342019
14298
951986
518866
931570
987233
728188
216077
586560
843151
814322
852500
983267
36177
558902
440083
151785
930609
474655
574464
589502
649794
926229
950440
380039
698073
845462
799684
544322
478717
395033
400545
7219
347020
433616
938788
848457
161804
154865
435017
4955
483391
287517
988221
519568
360623
942508
185557
291233
931368
760020
394939
95367
200455
345379
475405
898527
190841
789293
957053
183762
698531
871803
190981
559755
305419
129769
408212
467222
798838
357433
986380
282229
159154
974601
316001
519776
431315
501557
325213
876887
775782
720151
972253
976236
65530
961862
388968
770575
751155
346021
954336
963890
217824
145317
523645
37447
275086
446061
504668
73924
803493
491048
870356
962646
979854
700562
996627
925373
202119
321840
802260
492105
41992
774513
982545
621725
736375
885717
392300
1735
231739
346637
479830
963766
491953
3475
1214
281243
449536
20086
869370
767233
511134
739727
244085
5193
440289
240712
930565
156612
562551
247030
162922
118747
21543
145467
740472
272122
545389
132772
788060
777127
479408
267890
255098
485566
785569
770515
766808
235105
790601
636179
516542
815939
890110
760626
821131
330399
1338
265901
487010
78094
27135
164136
711044
48677
823807
451516
835002
369196
98493
137267
146323
92105
919361
915624
577670
704930
686140
858683
454239
476741
494862
970780
292680
899176
245612
628015
229575
761153
408120
230789
839246
435254
394925
64496
998134
218732
516011
347341
587927
128708
998811
248454
220813
918172
164078
312687
137307
364422
171370
591545
355367
180436
76531
162251
79612
836346
790265
823390
597499
712589
54180
950950
662047
963308
15446
174386
182040
45661
521726
284171
174369
520538
46829
395181
952914
725110
222072
90222
89533
393442
195971
444899
573877
786705
607150
167694
623051
911619
991083
220551
138414
45263
685705
800460
8571
701150
974846
704814
746810
10777
988984
435383
45519
35813
344768
998433
275128
566840
602859
364660
960281
798829
323763
48363
99740
930912
730260
722790
356737
721344
457545
495150
280811
657454
809814
803586
358604
298865
508400
619619
823846
11590
55002
869364
561606
399770
382002
836733
966609
984860
715597
926890
297895
39361
489457
397634
484477
219718
634628
841213
941061
606378
850567
736076
263832
660382
539662
622436
473451
562267
756259
297297
88061
811260
166662
163871
211030
548663
514809
177639
47729
230406
618733
345623
269766
622395
257461
268448
842112
892088
109661
297378
498466
960228
33454
276503
134815
87321
413143
608265
649587
169402
905562
251852
980661
586428
415722
191692
135091
930530
883534
697023
675141
16473
42646
459111
638867
814310
727558
480979
706399
837219
292561
719069
311652
326014
995571
446466
927538
922918
568935
91330
92320
474497
343181
587186
60925
273108
293082
710220
717842
176616
407243
392983
193088
964093
852094
831954
778403
93857
827137
999006
445280
119698
232281
756931
959916
227852
717601
887454
664975
286537
978784
757294
275238
836169
858684
336163
109277
151766
560587
827119
328382
482034
220102
35674
960331
586400
381833
738735
680257
208970
251946
125537
842872
484226
396673
802788
226283
114274
690242
891257
915014
183231
162756
190253
533605
21441
40620
642881
173206
601206
470000
15792
83240
204307
51466
43572
304911
947502
296511
499372
156472
62661
139114
999343
546887
535786
316336
287374
164264
520783
178631
79279
218218
341386
783735
751822
877030
824354
394704
50237
425560
378908
66028
23004
97419
631697
580779
402330
579199
391494
415906
249876
454155
555019
763423
1042
605009
593964
288415
769273
114747
981249
362756
332964
836839
146491
84787
713870
485049
993694
764106
424813
372602
344338
447816
470021
490240
542800
386555
583643
934293
802460
347723
388448
871684
625351
903693
476693
219315
706312
245966
334061
201766
122926
181229
38606
269416
266015
752475
268669
773913
30786
693481
146516
889327
655502
130741
893771
198302
31500
477415
132595
348164
339342
35248
219848
964692
453145
696541
184007
159458
456711
32272
361223
579637
213501
914032
363257
993719
180712
631926
767633
725701
325407
428353
615029
980908
559093
23005
693414
104797
500419
340214
452960
353966
375461
672808
318658
828605
883553
16870
502267
340264
49141
377695
919900
776845
291727
283158
770565
472439
429288
52403
198140
754694
480755
327373
249808
554052
350378
457426
658848
365001
797639
626012
718966
173100
813024
551829
515910
696577
568698
18177
36842
132043
910075
470946
908888
201803
754103
679453
188446
697595
246060
900789
966494
726814
742367
216302
795070
606949
187932
968122
971949
985571
594134
205121
672875
407159
756949
188785
617940
839851
721166
654781
971893
145446
125728
880781
861452
394035
74439
49898
91631
320498
464892
58125
561516
207259
788630
870790
814207
976561
838912
300361
476337
947251
19686
149213
868614
776634
852201
486554
130690
87572
141336
102584
233018
781267
497569
608674
689506
86213
172777
295341
406710
637668
867669
482431
359131
656299
353221
687542
147066
706338
502107
623402
653589
521793
286819
522203
812631
653225
8757
943321
740796
664296
560109
488018
959767
57678
96693
649274
658094
269469
944614
64805
421341
812284
61440
294676
982787
414660
982217
644057
635202
998528
781664
288791
520321
68483
325198
332953
721707
333955
790478
976708
512455
350587
978930
472223
922468
75623
635701
580563
859295
94520
159572
794840
421008
735215
89516
403796
664079
585937
562057
299282
584466
343721
588072
104787
412204
427475
951943
648115
275634
256626
624823
788088
121417
603754
774515
43886
193581
410216
138653
567081
18941
812428
361921
439948
61848
965641
357948
725926
551578
920005
25208
136044
263726
127485
755035
190134
554959
221183
838249
830592
477809
977276
132885
599225
95235
907400
157315
803020
831820
810171
370101
850760
622599
246226
804913
684446
211867
162861
924577
763445
597070
949784
413693
375001
591473
682932
565134
146432
904115
917587
491228
381924
409069
624113
981148
504303
45718
652668
821527
877537
462839
191628
242503
599643
437854
47416
798293
163925
210276
722870
927369
807346
186860
855267
182347
778332
538199
261685
438969
442314
693477
930196
338442
102546
68514
833795
121053
114231
486463
942580
505973
949301
134208
748475
63149
86266
795890
861442
250191
520370
584312
691764
327716
285376
61236
24267
63709
599435
800156
16882
555953
493633
461282
894395
596178
529796
242395
231435
158231
728857
174015
664203
192363
822427
412678
255512
908692
722772
631158
673087
243143
215470
879056
85063
500846
940291
623534
78759
53931
423690
95640
609884
431527
556921
18484
541909
600921
260878
773343
759152
503939
947358
937559
210506
283990
864442
980221
192682
587214
611379
379974
344561
826849
259030
429624
841899
713525
567362
434862
767456
505256
530501
891544
936782
87422
910027
992895
202548
685109
766238
961699
703252
227801
899258
913757
511790
763700
893979
218677
865119
505358
598650
209680
846411
371884
153508
202515
85409
720869
637376
367069
226125
167877
677111
769503
168640
670006
972050
367953
950449
447954
71205
178250
347212
499167
204245
625117
393146
422921
490236
412708
535775
699915
773324
421863
853423
975838
21476
88497
613215
388545
314622
295296
161362
505937
64799
844206
175944
551053
212159
640597
797568
818846
860423
296735
537295
999744
204085
960215
489980
616792
10195
704099
390116
946261
71727
880159
967737
160224
493374
870486
989049
788669
31848
494986
367673
876053
185134
432930
88213
825730
946141
399985
158782
320769
696719
696076
320513
900803
170497
810492
31800
180691
514591
936120
641157
586318
816279
608894
260746
823857
479380
249795
612526
511227
744780
901485
444119
441538
503902
269849
387679
903886
428630
708447
600605
124707
543164
15613
295203
353656
47412
990097
382451
983531
631254
482973
314015
754352
743718
137872
233732
993512
264603
259164
252498
273210
160649
696616
714747
664550
966464
616630
82641
909299
839281
683245
34006
382445
698857
843412
736100
260473
347714
632756
493173
115729
72224
761729
859447
724300
509666
367164
988902
768829
619661
262112
443682
316277
976859
796946
593489
705076
220450
946975
902525
329420
115587
126276
65521
376059
473989
698276
648472
481366
328209
720696
243096
187656
444996
266966
554820
948102
35795
688685
210214
993680
519167
701277
130321
830317
808971
349601
50767
755946
766330
819425
85366
881916
945700
665090
772179
933893
420652
415260
205780
655552
172560
907639
100548
439525
462459
562854
989523
665349
773067
497408
184516
988549
141933
14833
311725
5738
65599
67671
772067
399228
667240
653983
344928
846535
426162
278821
724105
361018
208285
929884
16570
895048
837524
631321
334573
814187
194175
838300
479536
481447
849912
178256
469996
991844
707292
295925
997581
287095
363595
769648
686322
545039
937835
31250
391574
878202
824275
115680
239220
32560
559768
255790
927608
911496
401315
776385
725684
595490
128891
719424
76937
978802
897680
61137
484852
119177
357061
482433
406272
234860
766286
92594
779898
218326
638048
685677
96528
462323
315561
849952
9087
875328
105742
936694
786825
507056
227285
26714
616750
746137
207891
849181
158022
269027
334033
277199
140292
816466
197675
889355
96957
290268
183459
315282
928315
869135
411810
904842
184696
775966
913929
574228
395912
364828
361053
417172
106317
387766
33923
462491
648108
241813
825877
320334
25045
159910
111737
679540
490580
309411
568896
101741
113884
752354
417023
556403
135694
343037
461246
320389
119003
889379
408821
514914
768411
769874
932085
874728
671844
480212
851423
834156
722025
677300
154491
261274
837210
266227
940813
841994
89843
509709
943735
203726
776267
874962
760128
426165
217999
735578
746553
139162
669579
880323
907573
439453
812408
782301
625501
292621
633724
459658
528850
311025
614148
790123
662439
394579
245141
18638
998625
269055
476577
716555
45322
351539
990888
471487
83742
726466
732244
934946
379833
401823
815269
287406
355480
141883
69707
980981
217635
954843
477557
42864
83196
781884
705302
991978
27025
238145
990604
296079
714721
707159
855605
66261
698047
841296
664206
938718
87745
599153
318551
3773
928626
605956
873456
70509
189867
368642
19216
407501
323485
10977
450365
406680
792860
669871
398659
334090
422220
903467
144373
136942
610626
514182
717406
822878
869682
381612
275801
471632
494969
108556
475404
423596
228716
348860
8309
418582
231707
27525
340287
555191
552705
304856
476076
859770
488932
874734
708064
911151
292406
852436
562297
417236
880823
279703
240114
750505
175520
30119
222137
670488
138674
211745
608288
367389
74810
616597
300175
306516
158326
640462
861706
225235
945317
851986
85005
434249
240925
793068
859605
533330
159710
421902
950566
40533
215810
704884
305242
391329
735003
41584
576021
387881
253328
698514
755270
328137
829315
569649
148857
987640
210111
524768
727079
669633
376754
812084
618086
617679
119357
477691
151009
793270
899593
101575
833802
115403
320664
653249
20936
569871
694832
596956
957751
948159
809674
227226
790501
638989
796875
939357
140834
521190
464125
867913
190823
840879
194202
808909
458558
313558
286600
123771
106829
700397
739550
454835
815799
60214
108084
836734
630084
317120
947895
102040
779484
757569
843470
569985
910763
640345
23547
51597
161535
1877
919509
866562
356960
113711
189676
329722
941473
476275
453492
562506
176673
193042
17341
506676
767459
639629
857615
911747
956748
319715
13788
736232
591488
371462
820421
502251
11807
358173
553848
687545
360049
987561
68312
231213
615477
257987
560934
71155
248467
528630
633660
939343
721672
165205
446019
3336
804833
817838
915083
275787
137553
443075
526223
729041
814536
346645
231292
340547
219022
299344
542296
93275
801110
610608
324487
416587
382799
885420
1946
631265
414050
635605
570608
649926
800809
530832
653262
119848
348670
82550
395634
486223
525624
921856
215264
340160
782705
960759
194911
515931
774308
737206
609205
575418
862018
933691
506209
759022
333316
508154
390287
747366
657963
475100
458772
5932
78963
92824
354601
161512
488457
355028
687135
924518
84496
541499
221428
45256
736409
737359
333768
987820
346564
909185
364043
794460
929598
123065
127776
437752
27557
389346
95715
502656
300843
68691
508587
894009
161515
377392
55522
164176
732420
742656
88694
816915
798360
824326
376375
48974
561685
710142
550998
422453
133532
915041
731117
63130
552310
858893
15086
579866
762443
625004
596726
63286
207900
105313
471500
369414
996909
527021
47794
243534
783881
650692
60449
582241
475018
951028
631215
550907
175375
696417
487564
823111
125663
218682
400445
677973
77575
415531
772043
840017
554739
368770
417508
762638
988286
889007
646256
499400
930232
694050
742933
714113
344742
317587
296355
333964
268615
441774
884870
958193
652395
886638
781304
778058
105320
181750
456031
697098
111485
742278
51321
666223
111048
983032
943066
613539
386244
589322
112939
316476
283372
370077
30589
142318
687663
841147
476281
956277
797125
875355
428675
449521
761994
209980
227579
867313
905933
197814
78617
17418
940091
129937
197845
565344
112969
140911
693087
13417
730233
806025
329892
527809
176102
874684
184332
377969
715832
660612
848450
27162
50173
277126
476682
812166
487105
218465
193684
393038
416278
272300
924659
870574
916440
122504
435918
543613
263415
643209
557029
507852
963438
886920
549865
653745
761605
734196
31714
991641
909013
880164
18803
473390
157290
9690
285556
158599
742358
993443
65841
158637
779948
990499
543415
696388
627207
493537
240002
404826
136746
797030
426882
100184
683951
976747
753928
959760
225148
785642
465606
648365
180011
484408
121755
337300
8302
407310
10103
750660
914958
75943
423501
694906
580646
966915
391294
207853
460452
631295
126884
111402
942530
553765
211585
140686
44717
479718
100446
269865
779564
566051
918229
959574
564663
554189
811078
87170
475703
821180
837829
390661
411327
775534
85567
991972
742449
991065
714029
717105
136565
840912
828506
79095
908882
554295
219780
953598
34013
320225
737667
327781
400480
170102
287355
479348
724290
98433
566517
199993
433817
404346
104859
845143
179880
704629
837115
436533
695694
65350
667842
832259
906261
496348
425558
329348
564847
645338
282947
113065
479767
534818
440845
394452
704919
728200
873799
943413
340837
440316
657611
774654
844661
619797
538745
467098
971117
489482
676997
36467
157324
509256
456932
653671
934813
786280
732722
94356
583431
845786
574123
118249
286632
482779
337373
529036
356578
794990
384077
796893
452601
158731
155759
729274
292733
694503
710577
263850
183985
387574
814520
341308
411034
271452
509183
860051
571936
756109
954407
155367
601896
42735
787820
402732
525513
125193
445972
396295
434387
830048
193188
401193
988779
348946
130467
795716
557653
355248
573770
255842
257026
388290
111354
668059
173946
134741
42316
745882
890849
510927
901248
6950
67866
689068
409681
107583
328465
369857
503877
762852
199906
697064
678249
702889
560214
322920
498605
117867
678168
72375
373708
935193
974868
485061
117458
148814
619801
673977
894695
510650
184904
310149
517600
252769
513421
441485
874555
841886
811342
378432
118943
525452
75496
311396
228341
635709
634315
726945
267780
312483
313524
641487
761881
802596
126548
393543
951409
260553
67520
360310
285407
766627
184663
317211
533600
698083
758696
408155
54174
84243
786586
687320
609694
376286
998715
352239
526199
633031
593388
793978
459718
421116
949669
221599
223712
590421
129346
175121
850973
196865
49635
136380
963491
234297
453591
11296
446585
726491
419450
500758
324938
720240
702283
934631
96526
700998
801074
136929
334029
394462
445111
793747
815577
394780
529550
39289
985200
658896
728613
836173
369965
292453
486758
847661
526749
454553
858956
487538
181044
278407
988296
505981
512851
690579
954816
123582
905781
755890
260510
754015
664556
705621
61967
480133
100401
591516
33626
599806
764616
276443
950183
134582
568895
436941
982242
609849
891493
355403
97387
586741
148014
85683
92722
660865
290466
561742
784446
196248
317632
559160
950262
496392
778985
12229
490729
393591
117949
524354
993396
396770
800797
943579
531351
369692
894725
27798
493745
786218
897404
591132
887164
45419
191019
979885
220488
995689
541628
4934
191937
373464
78298
656403
384061
857283
182836
874789
250874
814988
399144
758474
211758
714145
216258
257313
598041
110983
285110
91787
411406
182515
682918
298570
742137
873936
792659
962624
869625
848491
481762
575766
736160
74264
746373
120221
931546
443413
995009
696624
258402
394153
969302
984363
622502
185561
241677
220544
810747
40991
312330
222153
737709
995247
34927
479846
383388
827586
956674
253014
190282
438436
342984
926441
512700
603562
46662
958450
46975
555876
169280
819580
464233
138582
803944
86736
838346
45621
307279
649094
86611
619608
385451
824320
129060
420378
818370
512447
762168
775045
279665
952449
727685
136854
878891
240385
740415
439757
713040
787389
995632
882319
606970
974070
535105
925118
60806
373452
970738
368084
22546
571553
501896
407996
395873
145160
828373
728448
171811
104746
503493
965680
57196
231178
102534
450291
985767
357153
404252
213012
658746
914089
95331
779920
888159
630435
705038
948964
3887
189981
831252
540636
761534
847352
948632
671611
506716
291210
400059
678526
395956
417756
644206
453151
163139
260944
417646
148906
132301
821897
876121
791047
971451
85172
138350
116091
790210
601518
634182
980190
432770
174818
741724
794326
123450
413336
301042
928864
327599
979568
324820
745355
137979
292175
908493
913127
709820
571603
45428
45922
447724
350679
296113
933379
435851
948666
563674
740265
550185
197856
720455
497159
372674
976384
291486
10328
903924
106732
939191
231523
600504
264011
491082
252688
70390
913779
165815
294414
999586
725446
340336
961514
590330
150653
894893
26181
613523
458568
766445
163708
170628
1105
175072
543301
977488
980761
553629
881412
87493
7025
627140
687997
785240
118222
454889
855629
32002
134908
150044
31588
860353
4584
993102
964887
669440
402200
991067
282963
374972
271717
446671
545600
787026
621742
88901
764514
116708
156734
160132
677963
787271
406401
463203
419697
861289
833036
451698
996196
983079
997490
370755
987662
504797
335642
171307
906996
840914
454270
796173
626835
415145
341773
413861
551091
944877
692580
667798
615816
852711
871997
293779
154187
792603
271186
573883
653892
104222
539786
164294
601506
51481
49253
589168
556277
384894
274680
977477
740012
728949
773650
881052
144094
115423
809117
695184
574505
501697
362982
190321
868612
749183
998303
537003
541786
783693
110887
709883
887914
164877
874176
489420
216357
923428
592793
286838
822526
867472
264315
76744
596421
552170
957795
254719
181797
766912
949902
756301
782814
827088
460826
651426
576271
973333
188430
118058
757026
813520
342145
644941
492601
216321
648565
708957
653953
755562
995794
476479
623034
774313
67427
733659
326483
25222
502582
508280
306339
452484
264581
89153
793776
239612
254783
884252
212945
957416
516514
969971
285141
858658
129117
777741
74979
777681
903
243136
533244
510901
233819
670482
285215
301246
404142
125902
840671
420928
634181
147010
387617
412967
750366
181393
652578
519354
65645
379727
990974
582158
349698
276116
955020
478814
568061
29999
770700
568964
787338
303944
594069
21158
974425
393488
322403
892771
519390
163074
313700
667775
824288
701316
594946
396913
761728
608212
462558
141456
599187
558920
491153
389507
513941
484172
957567
58144
254872
40736
845482
558815
149010
380844
47445
703246
454421
576091
866319
768120
243867
204812
983640
838812
293671
380553
114746
901882
357315
256201
15274
430440
747353
918984
458585
745729
390757
30933
601
431492
390619
73620
94706
771462
121065
151408
474708
89690
727498
855232
372014
485569
574248
355654
838586
867918
250411
953331
284006
121931
209532
299279
66575
471089
732468
39364
216819
123225
70296
731623
68921
975119
805243
163627
260786
440512
315034
249699
530201
42532
619135
902214
42306
193383
772072
880891
61302
22483
834222
859511
658617
557958
158790
239396
29047
405462
278759
245865
528686
863259
597607
838378
296936
761233
99164
737447
590471
863066
781852
147207
482201
684066
189512
675584
456138
70403
251090
992824
418829
110601
165647
976786
783594
405042
5834
189057
683801
765902
717742
547060
257595
315349
899642
554530
590786
513010
806181
181257
376077
588033
328464
858277
786303
517975
48066
242441
102583
299155
749470
521411
409755
915116
498198
193350
320158
18236
382406
518163
784137
614352
65223
41733
929701
479069
110467
520487
992079
430853
215949
882360
18886
544412
254842
805189
576591
302908
561834
679173
602062
825508
200585
526022
740624
212987
719371
60783
231222
615981
578945
15359
230333
158373
571295
674238
151646
195967
194726
143725
141024
924878
540289
159909
469290
795131
479302
45881
612243
555341
725054
728509
380849
439843
254531
121474
167034
488106
696460
398255
104087
789609
927817
848624
462186
13318
522862
613832
723488
231792
271761
864511
156670
812050
538624
140164
121386
17927
186045
733628
87472
425303
462137
982524
379350
230873
618202
546383
718978
314662
458842
337270
618476
386659
185894
594866
914180
222960
722902
968956
994663
502179
639830
320918
40804
779994
956507
572934
480243
690135
660405
419750
666476
642929
799099
897348
261132
859686
130532
89998
318528
467801
222678
219391
167899
331749
133572
905062
54651
771239
874018
563518
273419
28054
398640
828426
808047
355147
401360
288290
559486
575969
708039
740167
733102
21343
637515
508438
881028
282251
112641
713760
264256
849522
933150
432154
181271
580926
851421
750126
352166
239644
827848
139789
267697
226489
968214
589948
581635
369574
878237
655326
459747
100481
395493
192849
636027
547212
215492
31260
829463
328132
745019
93719
691858
192375
40078
873129
773300
891498
137460
639670
645346
965307
779458
913043
191796
747672
502991
287636
631450
895433
942961
605401
510118
338454
312455
146146
885665
527946
691609
229333
370282
950833
323052
62140
657412
877333
449473
430712
283036
586932
584587
928381
66445
364045
355629
258240
625922
858620
60080
257372
268258
517245
376978
292580
855698
689432
952929
255569
217378
644539
484901
587659
595372
322157
649798
766988
199490
99272
711904
996729
200408
296491
925111
266852
660536
280740
39297
800662
653564
99376
572238
436026
616621
949215
728606
986523
638647
681535
242092
370229
326074
241198
957887
435650
77559
121891
202638
791253
735366
428747
787982
935773
725237
713093
202626
899977
508038
241922
700639
161602
855501
272878
597628
986326
222093
326234
972850
374945
521973
729146
745173
848047
484548
217266
797901
562107
339156
514744
353360
74522
943490
141342
10295
182932
368640
727124
82910
390882
483250
297753
552483
338752
570630
664315
325078
306928
504753
297928
196077
26727
541279
941249
388978
25827
158515
701083
587933
11875
730031
455497
86396
187726
111044
610895
370658
479683
338019
967771
870564
821269
265524
937251
674225
350359
115772
999302
171491
620524
811435
367567
161455
352714
823020
64637
378540
495740
765720
480678
507614
9956
450379
108215
197682
561422
233314
82544
555309
571332
50315
940077
906805
830042
877329
581030
180401
507305
94538
866095
642033
905972
747866
803488
772890
85092
665634
580831
148049
146312
602649
672209
110896
225068
869890
672317
458381
952433
227627
543918
516952
167704
450723
346994
559237
545958
41600
580746
640495
421899
222780
60672
169766
26268
833561
254857
922800
499195
349892
70850
159712
466745
257263
270607
691813
127153
942923
664398
593790
684754
208316
110742
366663
173244
457735
440104
233406
13539
20851
388105
435438
757834
448776
119408
298306
282337
374264
221106
295736
238360
291955
969651
219309
549217
240258
425326
190574
697386
89725
784363
896344
812244
409309
263007
985487
867044
217316
733097
394787
752370
121202
830224
510204
569977
949631
808509
366518
838099
29615
176459
590663
835774
146110
809972
899195
386368
235298
603974
597958
839226
388337
494302
651471
797646
271514
151163
178895
3034
884260
87886
755403
519666
918110
265607
89644
381946
588320
970365
734250
617934
146824
324913
967912
292934
649089
381313
193506
398592
985286
305668
237818
373623
799969
403493
685473
585687
554656
378572
588720
953120
466458
344123
986990
898772
123934
76634
794922
712253
561204
43377
844392
222232
368290
326509
29370
531583
707821
222875
930174
693107
42747
682197
580935
842716
85690
266408
428403
154550
159185
531328
621874
139847
875450
608865
38619
513589
199703
347745
740046
760906
391122
98643
983138
273616
425152
12508
805198
132973
749587
249578
340285
792333
931774
921219
149254
531668
701831
91862
686218
861015
623189
822296
862
12844
431161
553684
40637
145069
901429
780683
905974
806755
879325
403317
80371
304477
930029
399773
951654
193821
649350
291939
500358
95329
213158
649612
626997
914988
255678
827419
290209
393071
649715
805274
405914
595081
358959
446551
740149
774592
741438
160328
581347
620763
563645
661717
439445
7879
575694
905303
715903
225045
197242
216261
320373
924603
380077
947369
353796
635754
774788
644004
543029
938708
963483
948943
533789
322442
909698
273938
611238
165341
434265
192585
300308
512114
368506
739752
34197
944199
159260
750099
683448
356501
966360
3822
795308
860641
465395
149105
496396
754388
307313
39425
693096
270796
502572
741089
107442
926474
529231
718679
91815
477700
425468
392123
504019
308178
646079
538215
252378
805339
288315
450030
676044
768879
453851
985557
629520
433451
648866
640120
187839
956178
193750
395139
741179
696321
650432
362825
137001
179663
595709
743019
657362
21177
649346
161381
843559
809630
213801
614969
502115
60171
805217
785198
514022
790774
414718
461677
439640
569043
649515
910023
762792
558858
165407
973317
209290
528231
110318
903156
638144
367542
74723
173526
16888
236104
17085
826517
964108
627225
955690
466223
687395
275113
765625
201417
65887
694547
177298
19732
263590
826812
443959
26382
899874
609365
999699
623368
651800
624221
526524
804149
991762
601247
977674
8651
351555
994758
349372
315663
621983
305063
296090
823582
580175
61715
539204
160266
756261
716501
694201
19852
543314
138160
560437
957392
261729
74341
580761
427734
698562
107285
231883
690324
222736
723761
213179
574290
718519
889952
854706
381818
700246
678288
961992
761960
217492
636462
32427
933993
330664
566482
991511
983027
641123
463108
758961
715464
43869
186695
414026
665358
932781
618554
888093
656542
831733
462384
375061
908488
866540
743971
290306
80992
936463
766502
357156
153956
402964
389582
602153
247832
470268
107869
745064
111392
570976
504025
826855
129050
690719
755085
794407
137705
373639
682500
794246
205372
659088
683511
628064
427482
918369
120825
878149
199076
477980
32105
116245
381767
148462
364076
852034
770534
109140
477630
341511
127369
818689
984764
818087
573774
779171
947413
975875
264242
666989
149169
461957
295054
189002
403643
727627
824030
281793
926703
302010
828101
42948
683776
976563
921227
50016
261302
544572
41850
117017
671940
860539
101781
4233
434313
880951
474228
381726
371032
252675
562920
520200
714631
857973
709201
118275
99805
533231
400067
540712
349445
228168
97864
547426
718935
19092
111646
980237
77868
153495
97254
749807
14034
713239
268244
448347
594190
742472
344277
479426
509351
907196
999625
223982
279374
223031
856460
893383
270466
256527
434095
619911
998899
531959
681541
232039
65255
793186
726480
143122
460885
337939
407133
474919
51178
675377
437470
932053
295951
638998
441404
717352
638623
179590
996725
861654
36051
404313
132120
806781
838408
266235
319885
884571
947775
551924
464030
255166
278404
121356
716051
130547
528488
705174
181724
718069
656848
855500
164327
952798
494498
119935
184355
647325
299525
695285
508979
849779
99598
155304
656560
938005
935742
976445
336781
397723
42574
800810
167093
835181
922165
397348
965728
964858
102522
661656
197132
273574
517156
361459
740577
11654
995597
924931
658979
809326
620216
682162
659105
719814
351670
829870
172024
287413
320520
23010
199340
363093
823819
366432
198274
260190
763780
678206
225048
380506
339863
936383
168285
857018
297842
908861
382877
807644
347997
556060
616970
968213
238222
276076
202232
104097
620150
888459
905713
940669
911468
105053
303762
249493
985688
16240
509682
263673
208651
248934
644179
548513
185317
812463
919735
997363
235529
816816
805007
583525
372876
421977
65943
125303
212257
782378
229399
832406
670838
135112
773075
582306
754368
591041
831798
740056
607281
855684
3730
815931
104618
162113
878648
804139
488780
312588
801502
724308
129405
606509
822037
16485
542690
887980
141787
754947
670358
371185
101558
855400
20501
874633
437707
289073
465674
783709
543334
587159
639394
547063
917294
258216
223380
310147
62355
712159
622735
378061
950671
266344
498774
286913
282828
41465
689097
938819
310616
873660
824208
412173
729060
801010
680971
647986
780889
978885
191320
882252
132484
252587
799547
390699
475966
623898
967258
702329
760837
345319
167205
541385
844093
454118
824213
399762
143215
224582
16875
587240
150959
260140
946153
951969
941110
594140
247063
919995
785459
129315
566683
38047
443066
957382
28217
66965
438845
730546
342006
298368
897750
883391
656665
866072
221809
56427
9288
984840
795212
540366
86285
946171
800505
546643
412345
255821
140783
659407
690020
440446
788721
256704
992696
231788
728290
20914
812956
167135
265664
154962
979706
677618
38353
636372
543691
260161
207003
67183
759205
2216
607548
359695
462591
922258
906337
874935
178079
561324
534342
868098
515974
837267
639006
508671
69055
367296
43789
882010
48635
823656
551177
28342
15479
103734
664713
559169
363895
385920
626351
637304
388135
748104
996998
364930
670362
417540
239865
848440
978863
288411
230743
9043
125679
869749
31918
708937
237045
589910
105153
285680
413566
656329
828225
429044
760062
492938
502418
638161
878857
128769
275466
781197
391077
786668
146127
61439
718413
900196
424083
211481
188607
654826
220523
314285
524575
252440
23223
275824
842349
128375
75708
770119
298908
903932
713368
58970
396870
215786
211336
789932
858758
1006
85334
249836
787673
231460
825478
506086
131656
249562
231772
320263
904387
452294
148752
943166
704734
686178
218990
61288
814552
294698
831407
113460
198630
58980
686634
109705
274765
897969
413841
647727
898974
499174
411767
200852
730633
237246
221143
376494
486807
452914
210961
391194
419412
359712
334360
124146
45891
67554
699638
374647
362251
45250
2312
75086
104229
688945
184790
893197
101119
112835
540924
514297
612008
466896
229353
856845
704141
450495
233339
190948
417613
444299
96346
837025
318216
430705
475375
364106
498258
689217
738752
374714
734466
741063
449799
352899
944212
148793
246096
45331
261627
301225
73832
873634
303185
730479
986465
267884
478023
177413
685497
922321
273758
36727
240537
218667
26306
118847
231129
715523
857599
605842
449989
112867
569845
317093
571284
718637
77393
130819
494468
378617
204651
882306
660941
507835
612786
647406
289923
90809
339023
489624
527334
126985
526350
282076
345651
552656
400922
576780
782383
772725
696826
746576
399797
266672
63669
971080
499513
141062
101899
993981
33883
820753
876287
209029
842792
3278
370639
132716
608290
709662
622339
135625
836646
662894
931904
696502
729754
332826
787486
512137
105552
484312
772917
505348
265188
836586
990632
278906
491852
606735
787091
525734
427489
663378
248967
784485
180861
619606
431405
789150
329268
53745
438979
680118
230843
885087
890824
960596
217914
678310
986937
837669
676827
759854
857221
942014
110645
847853
220920
602496
454588
8011
642435
396281
185594
891401
694971
880658
25212
126376
184013
868683
694324
137197
548802
925166
22284
953830
399967
240197
632141
386904
592070
308968
660963
449291
765186
771607
297144
500311
888308
265937
22526
530743
176422
722323
936348
871392
602981
475765
511973
786994
344448
206297
438395
407454
131464
460678
361285
531430
215080
993425
432539
807149
816597
93502
770645
581783
379313
67789
82094
267621
847929
618824
312568
538556
341147
763121
924152
944128
238886
436125
245327
583333
642422
683721
990787
773885
658603
352072
819519
873682
859701
252058
195037
676298
859763
965681
258081
239077
547674
854379
506697
909808
473203
819265
448364
328554
582386
372516
786886
821271
808641
546417
918808
451063
744342
909595
739152
402946
775871
72876
790832
635572
839138
500073
311870
698901
465754
84156
937977
527633
938534
958879
437441
925941
292349
400009
768699
388939
772524
555586
724414
95370
102003
643222
60637
846345
67023
799788
763495
842893
872664
554327
478466
711802
54401
790335
924907
34359
874490
377090
561991
327229
850173
513636
767374
142522
913644
536074
531460
200374
605864
770078
295743
707866
413300
356380
68416
480322
670372
831910
323216
57241
900442
315886
283247
954842
620425
208155
503405
9121
99449
579601
336349
949621
93237
617928
92143
521086
668206
137807
721459
274070
907884
531406
496140
835388
401990
78761
315711
586567
910670
153131
643807
325317
469016
441259
280159
89441
163618
297769
98561
263066
877369
949114
726891
970605
81247
333238
5896
749452
471044
241559
537726
893132
772965
33866
728520
689159
626830
558435
275726
537501
225770
433738
377022
208990
874996
657181
812635
38614
469154
425400
815883
346523
374514
542774
831332
969964
876011
837228
719416
861259
78787
771346
268596
365956
319417
511320
55116
946246
69756
330841
997951
809729
278783
374974
18720
153779
546359
831354
706596
15513
770958
36684
362035
659677
93662
707571
629641
483877
544799
863262
859340
137791
634608
127936
503746
954024
639256
73066
900271
223216
403907
898222
32945
196894
273196
565868
864877
819554
911426
85678
349271
682385
122362
225510
342062
730227
933081
971702
728309
477880
834964
587649
129875
983777
715585
633621
937801
869045
706686
352277
92261
624797
250500
639409
335896
37900
205278
200773
371659
116704
286450
720929
313293
923015
946439
655354
167448
879520
627057
871604
976225
483405
515684
960002
713194
149305
412009
582239
370195
764285
188704
509197
14785
828113
845092
566889
547595
560069
452752
178503
846518
173681
491796
283739
634324
147150
451186
28049
346942
413858
778841
344551
929541
253048
57746
593050
665056
639984
477449
429342
828688
986645
958330
171006
345942
39424
718600
906010
492175
411307
266734
180061
903102
64677
814384
564457
515862
367072
377008
770495
145913
721558
214241
913165
293508
807290
578221
933492
798943
521767
276385
299794
480098
961594
645735
33726
680194
65951
525901
91501
846888
705961
508808
911564
34550
73265
941630
391187
954540
318638
675886
614658
554400
890126
527823
847908
211621
106044
295605
10565
142016
86194
310358
622113
47788
956092
655838
242186
536247
695943
333686
383135
401904
356698
808903
436454
944166
750533
827640
898707
583375
503527
513365
651980
907857
555392
499888
119479
175640
309697
130043
317655
910094
440400
939767
910696
109811
200067
446944
805753
47957
344283
721862
918859
153187
672520
863025
417924
500160
275937
1300
517891
789301
653279
425749
858897
667371
59432
34538
491272
189474
352192
401366
629873
806164
873451
54774
915974
73518
15922
235932
635678
360205
471998
554537
27596
144518
417563
959723
158883
693499
961022
190978
997005
128506
616726
855902
310081
190362
404644
315557
379835
756836
231127
523912
563000
104578
578686
993178
692299
594607
743314
327978
215313
396719
10816
359830
328486
970539
32917
536190
445766
223895
47400
88477
354825
417506
912761
545187
822150
228319
925021
578986
459445
963138
656190
78228
541824
649368
770526
650635
906886
612708
633856
122199
9428
644671
996233
852117
129415
29150
388307
575181
253044
435706
177862
607869
367417
90623
153056
189567
833145
592281
768552
292591
555419
938946
370818
611447
588314
655548
776287
495200
268257
924347
131604
791888
83223
642041
644005
212638
671190
546517
302023
438439
982222
479884
560512
349639
84711
227772
53410
917856
820052
336166
210447
889676
275112
95469
15328
377630
751016
305819
387035
533477
230166
518638
325365
313389
160679
483575
40231
346073
30092
342253
784511
12314
336341
345023
876157
421051
572794
338907
907051
779937
63558
310932
55049
159026
326259
432679
424247
146283
819713
957723
376448
852555
797293
204041
527438
280868
244271
873510
310959
100728
172227
837476
437068
517249
227838
858119
604248
671609
711230
25504
451546
336435
506594
448018
176898
453477
872264
323180
787394
344193
213833
639949
141486
932077
167387
936557
690553
555102
247516
791280
727328
599196
742553
758781
827034
114877
363029
498643
826106
902736
950188
600894
239171
456782
48913
930273
424464
435381
767657
211858
779573
495694
366012
435263
427772
47603
371820
118325
602704
133540
423809
330032
732736
166362
603018
559770
281238
480251
572617
621549
382988
522805
736647
136363
493791
299764
66636
918254
735145
834293
644317
28923
329987
10329
978390
271963
57931
864414
904491
660635
997954
328301
504871
244895
8867
107889
318869
804309
588140
891485
425858
971127
414290
162505
621694
422285
462269
688330
340540
711618
36828
984856
740540
881018
509389
718930
152982
567319
583345
57473
742158
95504
761234
854602
423049
869122
173471
227358
971466
579160
167420
456798
993449
329924
78493
415734
306397
281027
270478
532219
317854
769538
272760
713076
278927
505894
866057
846246
603443
437735
102609
213151
851916
863842
67753
274965
247170
755427
502322
218636
334587
669741
189639
842240
513870
268131
334471
63362
42657
866690
381215
326400
653654
94291
605326
673752
474553
965776
277196
426492
68386
490346
792612
446432
72304
67578
693601
827730
84104
426442
676522
268050
616080
518762
296124
398415
805145
144799
975980
362007
11489
357195
688406
179347
965689
807936
853099
954446
773713
130295
895142
356303
134845
687755
316939
721352
269537
10541
549083
353640
951186
739809
135894
81471
772775
432017
994089
577921
576816
970069
939927
102509
841468
142538
281856
807157
950473
134955
275809
238391
779453
685155
594693
428502
372910
425837
149855
642446
436377
213142
510291
901767
952950
160389
983237
725725
106611
977326
817850
197631
461600
757777
300139
303068
414519
96199
624429
364993
745357
900237
603383
524810
585393
712281
953312
472507
138118
103167
629158
88699
316308
139449
990465
783462
814041
487907
509187
920651
979437
841242
118282
441037
599019
418421
744104
527743
28824
368533
892735
774181
782975
496118
298991
882572
722603
766507
355079
860720
869673
984236
949418
700185
637889
454088
483647
451931
456199
507039
372582
435636
348281
490864
390877
461504
423489
649185
989246
452312
17719
396186
226493
314898
406509
39689
197470
129112
320400
552548
504037
190074
536785
967659
404463
688878
421748
402315
140809
392151
423558
513391
827787
286043
518459
732868
747546
456152
382054
250998
422668
913976
647183
163366
228874
567896
203054
940547
697008
523453
493095
201045
227731
544084
168704
146399
232963
104656
548713
373771
496807
486475
838798
772517
434029
85871
520063
890180
467924
285265
827053
896104
446653
990418
124978
14549
707676
65525
225761
745333
72825
941009
973064
616908
109714
633667
364075
728573
696584
737846
739584
183059
653416
578382
955575
87446
178458
989842
491830
646381
275108
318883
542486
235965
309301
181668
764717
531181
761397
990478
276515
348426
931487
763783
965333
555405
397450
329409
798183
94034
581459
537767
791296
749079
630354
746871
350729
808811
736713
842559
969396
526025
675646
26087
276194
499152
721959
40912
30333
483356
545594
306847
831781
991285
584834
311319
60896
982283
154932
859078
590521
250595
911049
381817
999674
55608
642892
350403
864418
893810
707166
348020
934039
897017
374106
210234
396169
96065
765349
940705
93625
310943
761757
439610
816432
346591
750929
877327
843079
420065
250610
433600
670660
161660
329622
670334
217267
972513
20737
595890
866323
242108
943909
314568
139125
832219
524801
49498
442489
290150
504407
50318
115297
266164
489928
931728
126960
755061
323261
970038
175126
573870
917842
845785
735529
247464
516119
467001
734182
51061
577095
114710
807372
35209
429277
946496
867427
954077
510198
824120
758431
14605
874438
387932
794973
364366
833865
921932
633631
157126
406175
808756
730995
324017
654542
980729
85686
684865
961934
819867
250130
539029
934576
57502
574237
363854
518202
955868
832135
542604
294194
104772
71414
168632
866386
47202
840772
788318
680832
997897
708697
3793
243098
32714
658334
223827
118399
857404
699965
452470
621738
238994
387047
193445
327435
265105
225851
797507
611444
768455
91701
716215
839868
774536
723123
706254
335942
563895
8777
530978
75998
717473
534771
319095
264391
193105
57126
896994
564713
757090
349464
186452
996083
250715
379896
837722
30024
119951
635229
641468
888405
241135
871887
242478
529875
109215
462936
865817
187315
471712
396795
263312
703389
931565
96611
481985
638875
153736
378979
717792
910825
242647
904243
421113
7567
798343
258835
37590
918294
408268
193262
320904
649402
579354
563382
179278
202773
26318
559299
390087
12235
956093
167603
229828
401864
264213
226017
40739
417948
119200
758530
842977
361847
176979
264090
883617
489526
522924
921206
922024
445397
628673
242929
609003
208027
320515
302485
410799
861036
861783
315091
873270
332082
482693
617303
733945
261111
843319
288888
193263
476724
47418
36241
838570
738600
814534
236392
228127
851663
671802
150151
297060
300475
907283
906062
22706
227798
208548
947709
88835
584535
262800
476309
916616
259697
607816
650561
520807
965340
939448
714070
442064
501071
264515
794838
753875
79049
31230
982001
930711
703031
646357
741975
517711
553640
648038
540416
295643
370790
488125
898681
955324
750924
889194
386146
524826
497011
36707
45633
976555
490360
273907
418619
505635
52626
213457
259510
645879
758890
755716
576590
461921
402073
318566
979631
469917
480808
520048
279764
851597
522377
692649
321126
787506
581844
707271
312332
593059
258183
872168
569614
262747
660280
502437
768381
712905
715893
542095
872988
474783
297811
449579
450908
214088
282349
944744
198210
277361
464792
992177
643162
501373
684827
964287
288879
780875
185764
115415
888138
443946
987583
971956
706692
162068
474393
989277
389177
704490
45577
262166
857592
711744
144385
71680
508297
89129
784093
785657
68125
776271
943023
569498
975302
907310
372581
270382
93074
487996
158520
51224
989783
130476
272120
151851
604868
261397
541027
823562
306974
803192
517039
164566
29141
661423
750449
51642
264757
48748
351503
847085
339223
294526
930787
828729
716041
303369
99111
323319
305569
257630
374543
295352
902309
646662
961406
21382
422264
502433
844943
243442
819830
361982
922211
848970
537609
186865
900612
802365
235612
766319
649451
574834
60846
94443
403563
776886
397811
502673
100205
703379
274507
988951
512935
691020
635614
474341
712401
57878
490979
557344
815523
310809
433530
737734
673983
971139
924598
88800
287709
160211
855119
451364
249249
430169
545807
167017
207055
943617
183894
821463
161202
972605
810415
674136
663625
446029
662682
376027
18111
153661
447575
347838
978673
881105
85572
652656
852244
524374
255661
139953
198789
110780
591317
448038
540948
651328
615054
262207
594945
313152
83670
270351
285757
408289
458692
949382
368522
121374
325409
386632
789238
772983
248674
767911
168293
334245
420567
20537
372824
676227
674694
571612
301211
780215
19650
356363
431543
148908
618569
540692
462060
216444
811043
747816
624732
269735
697198
993254
391108
536811
894090
694550
823999
142765
462461
992291
991213
397232
527033
364037
587664
935649
888874
981941
469503
759442
413484
618411
378011
468380
594675
108659
279423
342491
733391
549157
553894
726645
454469
604909
134940
149019
428908
277704
125684
935404
268918
522916
462437
147159
624784
178368
82808
513658
674513
552311
787304
602201
684926
165316
70581
279601
788178
350004
136296
521569
413365
204394
762418
382039
809303
897358
45262
752415
689266
170946
687819
472388
208066
664460
619547
832849
357032
702354
860711
31545
768869
648016
633745
967999
327536
704326
247600
115714
54330
898100
151488
981898
102494
913905
363937
911796
325468
409199
178417
14735
94349
380440
487122
816618
44901
620873
649467
916136
837432
510178
947681
606301
672398
581426
88506
514138
285752
336105
629852
854285
234205
295544
836184
850903
209449
200121
276904
49122
123524
455320
63856
732076
835760
65182
548694
394865
200260
712365
311001
37692
736748
258682
158197
409146
840108
246702
923284
640064
97012
67341
494350
845420
362884
330534
696323
86537
44859
973227
135658
682587
428547
713717
928867
778511
293104
477562
173376
189927
998581
531054
926674
689250
850025
611575
935952
773309
765844
547168
354854
260194
392588
717737
104932
88912
318478
149790
62139
454136
346581
4890
167853
275449
783401
460956
267215
470981
954318
971345
469562
999576
898020
241030
688827
262250
366809
138984
549763
132653
686151
904616
392846
78739
136558
11982
681854
455035
161772
743992
423375
22557
263087
591228
812209
46488
566388
79424
517468
34912
50770
501235
34488
462994
742264
237519
725243
109073
376502
275006
241726
576857
693826
148776
169801
830383
160758
851654
799622
109852
222998
859289
372938
814225
185704
933629
894817
265127
965301
929728
315896
466536
478421
293094
208800
715939
18337
832077
606646
807546
73803
183503
501372
736782
353303
845959
897539
719162
645582
248477
829013
868579
621971
716155
197009
807674
649784
91826
587005
615085
535759
902901
81622
528384
710199
804625
244323
728536
636702
365173
50287
224709
548676
551659
961491
416183
911822
373235
649549
557404
135917
992766
425983
757887
708921
137196
79766
872909
743226
666770
487995
278985
83876
83821
321573
794075
888445
80100
36816
39353
445273
87102
264061
508153
152965
739756
438540
64788
627196
88090
136396
763112
80856
562379
35204
303982
213779
629173
176891
957004
295943
664885
750193
379819
262910
71766
688098
151356
151866
724913
704912
597138
326219
483177
105291
993388
222934
543830
572380
364334
146124
708775
641650
741184
785358
191058
45166
999137
820230
222056
470346
116173
401146
220540
10196
664055
292305
698293
329615
958374
937410
34527
555512
777834
517704
175007
285427
233042
857806
619175
379165
80786
775029
120349
380349
966086
165514
893690
786316
901774
364036
416693
302920
584575
426889
966974
391085
639386
296590
349459
576797
331116
419176
868835
363024
594182
154262
132070
827223
526272
265449
720593
607057
40478
355146
501610
6564
34865
395300
792879
936638
759336
209573
239558
858115
150666
206532
763404
790051
17326
112864
862646
532039
749887
225670
640425
904148
871944
981853
944624
137393
702446
551682
177871
571796
567496
184434
606660
962796
491518
543298
236337
215295
608656
17797
372061
670215
35122
999128
551268
897767
531167
815359
637642
685796
233713
509586
667649
