495808
510087
239733
883878
139567
820809
881019
219297
250337
501954
717696
924034
722811
515141
471497
264756
730061
760061
757146
842452
925506
570675
564353
90512
213000
865244
21619
469352
4981
335261
731134
14994
359552
485071
898871
499118
305881
294096
232620
70422
796049
464520
994455
33065
979660
465953
812025
709721
740218
569171
66379
665724
654050
144936
270441
381254
10180
806263
850605
529365
141524
95944
544358
501075
95220
443229
514398
401100
737324
747017
471521
47579
211537
465976
594847
705402
446133
406872
415123
186352
490247
995705
366280
144297
140642
150925
525550
665025
957188
890359
194390
98712
500508
738747
113992
595727
696181
142594
511031
947709
403815
496756
509492
615351
476936
104340
834957
923069
511211
250081
623625
1459
759990
504109
659959
900631
655034
699714
79862
612222
104278
274251
225138
604785
527203
853333
714716
737588
995926
739951
685297
399741
236707
194790
529297
713643
813333
364254
150917
324544
128539
774541
840206
888529
278650
14371
303365
447888
714084
383226
60110
818361
171682
799452
937351
213089
652785
166272
950676
648712
906223
635973
48453
142930
344967
577749
370777
158300
456208
521693
997048
584746
810438
351459
987479
603293
365829
290845
51181
79913
188275
625495
412479
874160
424947
349830
87249
77732
516101
37925
240648
422324
188103
289101
79459
47274
381054
450235
205574
837261
486133
716826
936212
810775
68285
923691
414068
948318
214536
979453
28231
917015
604948
440709
791175
544099
304743
878424
621830
820844
430553
862478
757372
618655
665783
351035
180134
561041
315475
899911
912507
801607
616737
848719
126587
199226
286615
540655
147544
15356
34313
689979
932370
153465
644892
723545
697563
949635
116174
833597
284684
546727
210280
556260
679586
390267
907295
859719
951308
222770
759630
378020
538581
890571
740943
665167
89798
27558
720026
751545
557117
754338
955728
489487
907802
600621
727237
119570
64461
357615
953167
349144
418546
677651
905403
98133
67919
812698
472056
533431
549672
745891
911450
88253
636462
166598
753420
240464
194155
473446
992009
751272
741989
947737
754963
649791
62563
996404
283566
127023
354020
236733
990370
772565
428588
895774
384902
496506
222677
371163
544141
772349
117054
455591
374806
753515
622188
128226
508184
330548
115877
14398
596024
857865
962134
865191
21861
538902
861596
305426
665924
729820
56363
656295
16590
484951
66274
915696
495661
803154
286859
39803
89708
403912
9598
464514
671631
145991
592739
179815
476538
222820
194212
586766
80685
670551
451957
102546
209453
827757
922175
389581
557577
978538
560080
88372
977693
626353
4068
473354
429508
290926
27361
519215
209042
36959
497933
394877
182949
604877
574692
173691
827696
283108
760456
908381
467863
212413
525131
191520
40171
961510
581101
111952
940048
141181
200323
431946
281739
204390
419505
225451
9520
446865
258870
218561
483823
756803
613438
180976
361680
702334
354666
189376
985441
115122
611961
967509
841739
651296
159029
881909
612807
740129
993860
67060
395515
708388
499006
677253
912777
918510
416908
922297
879579
675777
655062
363403
432580
268500
544378
794259
970833
413249
497840
470480
528370
624005
437989
370109
275302
111222
766222
402313
365556
274288
469372
761070
982675
482582
952527
409657
915296
369435
331954
794876
45212
501221
672483
477792
769720
731065
786255
254759
144314
798299
239443
672684
422305
677431
556997
697606
302857
837424
99919
668412
625916
83495
429482
122796
80282
896213
532452
509782
779852
378611
304658
339269
879831
491345
331265
163756
222411
117520
418514
366724
915819
657956
553612
338124
849591
624814
549934
152449
462238
164057
820860
602358
761755
764547
725153
842036
174965
257605
866023
954817
150420
170681
294086
30251
176231
625350
194007
398641
257074
126725
765364
687097
784681
833181
539425
634272
457995
89359
300925
434437
767619
121786
36795
529375
400537
761947
885615
575501
533756
751638
44523
684176
436524
338608
228631
612754
478162
422637
11395
735236
549362
290963
936537
848247
638348
475963
482519
96343
79526
783444
44984
847145
419434
595982
376520
819970
357929
776339
909675
405890
42183
954198
90066
478706
807010
318696
91460
285173
255538
617058
534613
804899
422225
471150
167351
60574
947112
164074
671120
26639
461722
716104
387988
881155
826290
278712
215330
184220
55051
125006
590109
97233
593408
194379
90143
400418
513074
181602
685590
282816
312864
734407
601919
735089
205558
769269
309867
666874
933343
980986
207717
395065
211295
595704
790425
37586
874415
5755
736009
443671
644964
840322
55108
238372
34701
145251
638790
61979
841056
838584
858999
668125
572992
460918
403214
778549
230188
227285
959627
163531
722475
167345
72800
933770
277253
863224
485560
665873
383184
735773
109544
28148
576095
164651
780724
125000
824105
419514
701182
665162
258098
560181
333287
831089
21100
250705
123843
765491
477989
83471
443226
200464
765019
516025
648438
42272
893454
648202
708144
276638
383975
331892
818989
960069
10748
599713
599273
834852
19227
300456
14219
791529
374841
347505
136823
910144
112414
260666
675635
104607
858340
633065
819275
137564
149091
981917
179835
556749
630120
402184
833386
14095
734075
652375
488369
744822
766293
87642
579675
785519
902301
593893
91253
791347
455603
228076
701491
82221
2946
891331
186828
375490
524396
520307
513053
187691
502224
207092
744439
646548
609275
92030
660643
857555
258610
663216
602377
24903
750857
696256
324626
167364
804354
415879
958710
774161
158159
174406
856381
675308
65737
557413
50798
104338
591924
78055
292028
94149
285146
550672
740696
408626
156906
915543
266181
415515
578759
382762
954621
843821
79019
279248
11185
397577
209331
484099
171738
881693
658504
542323
557001
238446
613941
122003
342783
205865
200057
149015
814217
999406
699686
554914
408032
370797
984661
674212
786311
563421
56975
740933
921446
650197
534385
446835
47774
257920
930933
733715
139613
103642
790242
210818
856291
404183
332820
199074
610048
532876
862293
424265
532282
76184
493383
454519
446980
992249
128731
233292
555670
699909
488429
477116
864310
537018
923950
426288
309142
369088
674207
962958
986933
464450
173776
843225
868632
506595
42299
992884
553675
418796
417150
600161
494980
424737
54680
941959
416986
697615
689455
486860
911728
692088
478180
290244
743310
916334
716531
566656
285422
390739
529614
272356
855188
703389
629785
238025
724188
186288
230910
792067
605084
162264
906433
100064
587000
961112
556227
518191
172932
759887
5051
598865
966179
997435
889108
223695
913769
119844
790350
713396
510582
319965
499956
879974
537558
129741
118000
261747
316028
348909
53814
921111
511172
474451
535379
612376
949768
605811
130567
122700
879902
649822
235769
846081
647257
124877
69776
75231
244721
860126
788626
269507
694295
288582
149482
231853
418322
781685
493599
734350
130594
61618
169666
155970
536068
219250
282550
485836
825060
927321
122741
704962
577143
358509
65248
738604
997590
649228
813834
756515
23559
116666
26022
717853
405247
689707
949705
337774
471392
957509
586328
116190
533331
755993
272159
583603
489447
68914
583644
314507
996234
706384
533673
87582
579097
113126
340390
90892
762353
668428
847406
785911
785093
387633
17969
190341
77340
967673
528114
62937
439387
628646
179126
486922
384639
965489
70526
874086
34403
654169
702797
544841
874757
750675
632422
968058
378005
972811
58951
140358
641239
420561
440473
426333
322398
458441
130878
913942
940318
173196
976878
893910
801841
670208
380832
700684
149902
451357
88975
184304
619730
305977
729144
494487
570856
875770
976750
948860
362786
549905
603422
518230
484670
43895
458767
807068
16540
589644
235215
471062
277044
212093
364972
593089
396505
745804
293773
546407
711365
382748
244915
845300
202929
488264
339787
773784
364034
830741
722644
241025
380646
326066
759254
865316
884164
218021
186589
414908
807664
421803
885969
598912
148100
765146
192001
544604
510950
485773
605215
736519
382725
850130
581819
99858
338394
435811
873641
216632
780756
110490
457656
161403
436555
216910
540923
834923
434930
241716
249831
756798
177723
135801
869914
325822
900946
61915
384630
926100
61893
989845
176824
958821
354180
272848
58680
206778
708658
932320
423409
3619
42811
395270
165021
993569
612179
220148
828493
561314
976067
592528
832316
153790
242533
702231
479611
657683
278350
378446
97988
340242
368291
274812
299064
236675
547659
357743
443452
770521
804267
866860
774139
847077
776334
453365
354852
902718
187717
697549
464032
163785
290077
810552
317574
46815
26988
311390
704497
305338
689835
802485
159784
572330
77297
973051
323209
139160
844998
766660
423885
649266
147725
712228
10548
924059
679797
365399
826777
867514
577152
805013
545503
381434
615565
377281
428248
156758
688670
132745
976299
892709
935229
136083
979243
526730
109135
302452
180094
954132
583316
603978
117603
731041
316207
128151
655100
996003
7754
996081
377722
584906
801094
923224
966339
930863
300506
394587
87621
503380
41536
63920
910294
490970
200003
889537
17700
823341
706194
197794
291678
289510
315976
409281
534755
146387
537431
189855
656595
59389
700140
34317
644294
501234
471746
124838
432098
286456
33629
33923
789835
75165
97843
700129
566134
812049
103872
98038
149595
810065
810035
441272
613779
126012
850552
148535
786602
902187
852593
443197
961576
552734
991718
605870
53968
977668
244913
270
264124
278541
34193
53959
867909
132035
268293
434043
458288
372164
46286
607882
182229
856320
49154
310212
496536
413911
458746
797343
316098
311340
754744
277674
864073
746462
397749
432245
238335
642661
432515
502458
435406
466707
70622
303316
112946
338914
251563
85438
711077
297848
693319
407510
668373
742472
717721
679113
670587
176468
476456
986685
2012
231201
264359
866084
491867
176312
298329
730202
333177
245048
746864
768583
225959
817485
586103
338904
156399
837665
424341
381680
649718
631864
303394
832295
888541
535320
511408
559128
225992
502069
545813
228003
733269
324377
608291
739340
500688
420824
469542
833865
665872
216407
116653
891830
548096
702755
744939
218700
54625
683484
114584
704342
315349
417978
50842
203890
953297
562250
277222
179289
64319
823035
921495
311792
661616
529786
51132
676508
950609
34879
24578
130686
765489
141230
536721
313585
358189
281660
46489
412814
479348
161073
117156
794696
93255
167998
512790
46552
244452
790012
740044
822974
127252
661539
648970
788867
705529
700101
465375
170343
249184
489953
301029
528877
145387
837749
356667
503576
119409
403155
916389
112961
564227
547749
907657
657481
229951
934651
218237
988606
724663
472485
811580
366119
648228
460550
669190
353757
674856
134566
524100
438244
138723
339333
967121
798313
177082
323788
301889
810694
726942
732482
923654
805374
280232
345516
977059
24387
280168
709501
12994
519035
696190
338778
399359
344419
313533
68549
212380
988388
717318
250684
940836
370245
590016
907957
168559
281302
231745
470447
606200
472892
717134
529855
792470
997365
389575
283734
535956
183947
507439
548949
702982
203630
401932
102341
62253
715464
170889
274632
703852
402412
39521
644688
772656
143741
66851
941214
939247
812799
925866
545447
799895
643000
589506
592365
154570
979081
390304
690525
163028
897742
753679
380214
615576
155611
996758
677828
871074
681852
466665
89131
84264
506185
248023
856919
164130
314873
798134
103377
127673
238205
648824
927567
881204
752534
34138
35774
245820
424441
726298
923052
836387
994181
303266
451964
149792
300025
129792
20866
981876
110661
109996
66140
131050
358019
437263
295180
187096
749601
398556
828972
987805
561584
756540
383214
828323
304882
418987
74143
243527
659490
997194
594118
653671
300461
46082
803463
114690
690078
338533
96566
800738
962733
676909
931788
834956
628376
741172
22052
377978
653932
851024
879987
215517
121769
263202
43840
426650
682188
632186
184381
855882
629381
778498
23759
444046
338785
341426
558735
543067
679958
169505
858009
642691
360618
304002
991851
988993
45174
13904
881175
699106
379132
761163
428827
500900
24365
986870
441754
220757
619056
140339
590844
248437
918836
614602
206687
771825
956027
765421
314892
150190
449130
172902
307086
809747
476903
298937
312946
522077
827044
194121
221183
206176
469488
650009
707075
8057
151084
663033
743018
770139
803371
333862
532781
236413
462668
739467
8238
932899
19094
323130
597293
468223
496031
904378
792175
972933
717520
105121
9215
544564
813445
230397
750740
797138
394610
972019
805194
545693
635053
548212
830037
438424
396278
362818
189041
373150
102285
197279
306049
635582
520408
903342
103806
16439
321925
895980
39445
515305
512791
584009
328750
257392
334749
125888
166207
306768
445287
226104
456025
993498
56141
408654
903981
933162
597694
277131
549652
794972
97385
185234
315380
727
289039
846022
322651
699223
349599
362096
214528
376594
460309
57483
633985
795057
697574
800191
616029
142861
540500
586259
650564
596640
994912
68750
529803
106811
345880
79455
415988
443264
778892
245572
958194
67932
91595
280846
281359
955397
157146
495887
331991
617454
67574
480180
926715
765147
794576
56949
422213
335076
643207
72777
931715
152324
141526
975722
773339
1610
569381
189327
959078
348274
434898
917272
930409
40697
712322
211768
996093
383672
221859
842288
1126
289432
322469
442045
568784
117045
13199
990996
452120
656405
577977
898039
322934
233707
873762
610477
235316
957347
799803
194394
819825
748905
625871
750234
789602
338193
476207
299900
721865
698065
142189
237195
501702
978861
193445
70486
95906
206643
575686
62230
863047
153663
960268
700185
387369
348235
824866
136889
819787
138874
331283
639612
887779
471358
904051
191586
809550
380258
491485
45620
592527
147878
282815
608433
126739
476259
193123
736848
682901
768808
799077
60153
922470
273551
274543
824043
621785
99409
960932
441572
238283
806419
595389
640266
277777
499440
831851
601531
393902
837540
647151
986428
499623
444170
109067
140566
434633
302189
877414
631738
70998
190696
691890
507672
464246
480637
845920
600236
94251
806852
556012
846737
127476
151401
487003
919456
165045
833058
520987
558946
670598
682342
545375
170221
126512
654441
310787
75349
470834
702405
707086
541831
893100
913181
563708
871551
908022
409628
985991
2273
730684
542003
849009
858159
207609
336012
291820
372653
169070
812806
931599
353873
9354
991178
38298
650069
159824
863288
725418
630657
565693
432504
686693
972998
859889
250401
358754
767912
174233
344745
770184
419121
400952
619194
277280
608560
469410
83304
495418
152685
410314
427017
506557
419667
418195
59059
69737
92223
922347
795154
722879
2245
741862
923776
975242
601752
688381
848200
369664
862613
192945
654052
281734
593897
787450
73218
716661
256861
670725
212079
923749
81040
153300
944510
500706
85699
3569
570442
177921
440120
879800
415005
442365
135868
338781
417607
737619
541367
265808
621487
918184
972956
789743
714123
81058
577194
301545
797719
348259
972270
524002
272008
53310
677302
730722
554015
763000
734290
638662
455126
174411
32667
870130
616775
168534
723115
548586
420357
778686
328598
556048
696871
815759
345792
925198
896816
437190
226743
208740
785448
199013
246947
571660
766526
924248
302382
834746
201453
550876
987612
170783
725286
20279
555117
856265
703017
792437
919056
637578
571123
761858
193627
782198
577617
53623
707396
988638
490812
934139
197378
276260
647356
444324
847919
928087
882776
664505
762833
598434
215381
750445
769216
454872
284928
324334
311137
987944
116771
744397
139728
687893
506256
333354
984296
598077
386976
691692
586715
877787
140036
784093
668251
301597
742621
516170
229684
625398
180675
992516
223832
910259
257166
993047
365131
56298
831585
676268
558447
948355
934869
698174
150454
441125
31528
134750
39203
932707
340646
625917
810494
480682
924214
478745
782278
666836
509119
526166
806438
203998
518682
30270
114257
290052
537521
479388
346349
369107
669860
904795
831666
604729
602969
982119
560059
148701
631073
113466
81408
971719
253587
406106
966605
177802
399055
263088
358842
422378
789253
165280
140580
822139
709753
254837
112191
247274
248429
972743
130585
432493
391744
962251
551426
508917
944370
625689
657618
89649
739154
253230
61368
992741
173541
542177
684747
86800
805264
43589
509178
108722
723072
649757
930860
432825
418798
557255
680098
181431
529998
324888
128128
921741
287139
679554
944863
745713
305243
116686
835361
558602
369915
410933
65548
57660
953109
750294
144460
272578
308087
653637
381299
545363
817598
826363
978187
750601
383618
172490
446236
913616
497377
574364
349562
784515
253918
808629
530229
73365
925314
879794
631966
295230
290728
697513
867093
758041
962011
11553
544824
784302
179394
926122
329665
511197
752486
307852
261798
650308
994546
222238
78129
491923
796601
941895
790643
564723
750524
835076
638088
675839
714870
784258
485273
519802
481772
352366
277844
957987
878123
822667
256495
57517
262994
586159
82918
529684
408216
344715
179993
402762
81158
772325
408889
877758
714220
199532
442482
464745
34608
80570
654788
749478
864827
140061
269280
860803
6631
61328
332996
884753
398199
589490
456475
175398
689853
539392
219286
98069
398312
399278
15035
479469
171604
423924
357227
400028
137660
799708
864772
172268
394482
519560
435950
773514
173825
219434
148522
180456
794966
995721
579413
193165
585211
35888
882766
789269
89485
102053
887337
487796
15535
416577
967264
187138
354705
838695
587166
492364
152609
966142
178836
61295
999907
614785
834808
173732
348424
497535
868391
143390
493256
447805
850758
78468
997896
733525
867736
87381
835577
269278
89381
365316
200059
570849
552454
554763
653824
47128
76358
134171
225963
137652
134078
840748
486665
822014
703376
984199
690405
846765
991659
652414
211728
584331
650311
945252
966271
251896
295034
235550
855481
660350
435608
426330
727008
990371
350079
895036
551703
940640
543411
777665
592497
677489
132618
79162
499503
835993
577565
704112
196963
569224
356527
408691
153556
521042
868147
119827
287142
677386
869580
142623
851940
819393
83158
93153
323969
947440
502393
875671
402286
45804
167541
994782
237497
814363
588148
251204
650356
165713
955316
361524
249141
826047
284419
916900
347089
152566
550932
634230
344156
934716
291058
196096
754109
888419
289248
592282
350064
305845
982157
752349
351649
663903
747131
589145
478266
849483
840349
642826
529400
309870
4350
778541
135917
288768
209646
483005
955538
760577
631439
299694
695294
436701
9995
963607
839324
813446
70095
189389
119292
52252
941737
985144
716154
203074
574289
708624
52557
928842
351451
581957
238712
355800
874702
374628
158773
84348
371837
628515
359130
517481
442413
568628
468386
452407
532235
307711
780058
116534
497099
413554
682990
953040
398698
399144
670318
487191
621973
237080
416034
973423
333241
168950
843427
722147
57783
2200
320699
943823
630714
679828
461304
73128
248456
443895
39739
294896
751605
334001
411429
762908
747554
94419
230153
660456
7768
414676
147648
629740
651755
77886
603163
499200
246835
446590
221347
818821
962994
542045
762645
107913
736078
738153
695244
984533
182048
249188
793633
447857
583188
719267
724969
844947
813685
955122
505403
335657
369798
653050
479601
535757
730935
82764
549161
491975
43559
770507
310796
520757
826756
73441
628669
77039
325799
838118
575777
22051
87306
369410
469908
670493
88677
194877
29645
416567
664203
535048
752223
548205
188098
231825
83962
433238
828792
633122
925212
386555
917833
750212
421516
258795
337858
50186
335833
663656
402508
911609
199911
489813
795224
669818
674510
398105
378900
704155
814671
43103
239203
81100
591308
941504
827128
189474
888946
170125
336801
328363
556680
768838
78576
978195
541837
930637
542585
391875
108498
945092
303484
308408
949109
612912
978226
623620
11018
871330
327775
825688
914432
81182
420992
19945
536890
248120
209419
425837
418245
60424
754199
489129
829261
346979
467324
371099
277616
524114
762973
386113
983410
580661
694521
932520
193574
186952
70345
718795
58282
912323
58688
486918
993504
479680
506863
44599
727799
230486
470435
146044
290909
738839
149377
120170
85818
616701
5473
877638
655019
768445
263751
152634
863311
472476
85154
571089
173632
669702
289884
746117
582025
348571
233036
89734
342455
254103
134333
70255
484588
118972
730502
775496
857810
879879
409870
943628
10785
415343
335471
180008
697992
599221
332641
561303
585902
931999
132392
759533
601701
936479
505651
697931
799255
252891
787664
141710
506993
436201
211964
991580
555173
456671
281281
927187
850754
205355
385020
861538
620697
720490
555750
832894
833916
888390
908401
419818
334594
40794
693555
450500
491477
713410
148431
290732
966300
450299
432442
473293
400705
158610
979077
955877
129485
774562
397269
980238
979917
782289
355981
114819
502779
911730
947712
336695
314326
856114
270717
648919
411112
964272
99419
416793
677682
762053
707525
158188
726557
654171
145685
127262
326985
638967
83139
456470
413529
994611
950912
907650
776900
306894
536674
279680
732828
998590
130579
561358
368909
401296
724482
294225
879772
338105
711018
71659
100159
932747
229846
340920
586918
889735
468181
913902
528702
65524
884576
456435
60135
835489
878290
837035
656587
414964
116715
903619
761497
979182
782463
162793
703664
76688
556769
41769
301910
628428
656131
234657
372478
997050
335779
262213
979435
249682
790914
44959
648462
761554
105094
483951
639844
942128
654742
54808
573047
72567
982565
334544
51749
765028
11542
755412
355921
568310
311385
172035
710942
481721
406692
83421
992975
742470
345633
972411
506356
650752
17370
154819
412306
636667
152974
52150
93000
321921
621161
666046
394487
603726
514795
446235
882959
40541
715851
753084
123055
541440
925118
833997
23161
846014
917417
530341
588485
777254
502752
609045
428006
34326
278068
840311
670993
945246
406665
278197
267167
27826
458448
175858
145757
973242
136297
28716
527987
852147
781799
651041
393587
221122
999242
930952
67137
430864
461293
169826
208119
964044
293075
636124
512574
571143
990640
697771
30594
397305
975968
297760
939335
434416
987821
85092
921862
124118
628011
964053
976264
924014
129299
884055
659340
128542
815007
726476
559405
276300
410506
767523
754548
217786
917852
267123
303133
908492
479098
333726
305797
455066
631485
759336
403686
133511
358632
325548
257628
986642
289601
233892
424861
418900
117947
84202
61646
932954
810677
621050
723458
735388
902778
478007
953173
820630
745129
770510
729122
224227
104236
549123
193498
249925
822664
597183
383435
181296
436936
641062
167939
726536
389158
592799
659640
507104
191205
721285
954262
1883
856540
677721
251475
273523
669932
718852
608357
415061
489362
337479
153492
107802
400806
861193
357726
223470
458377
741160
918970
409517
382222
601113
650257
771379
708116
309898
792687
899321
545387
261155
415408
916131
938875
666882
189654
608807
899938
798010
538072
903504
649693
205768
11306
564704
581166
369031
788173
553747
110191
221348
963263
6617
822460
613520
292200
530577
437622
599091
429898
983009
860245
845305
899140
313325
26392
602999
922131
926329
915213
974407
829833
564907
694380
841138
643815
275546
724373
946192
343497
834563
306760
355384
990000
920279
647583
520577
357902
246674
950474
855115
621124
309984
268460
934448
336375
871458
370785
262704
300877
345192
606741
379988
553776
962083
23803
343526
686456
969994
687022
35224
137535
507986
390607
127536
942470
552394
162317
814576
313273
626996
669691
934396
936979
452355
868844
787559
323814
239629
50263
138895
99026
171209
518882
167006
133292
542684
510532
819748
512678
711758
854971
650213
219745
759783
777748
162215
312177
454269
976790
139654
81265
160686
588254
18245
613040
457099
805803
451058
210932
370270
589952
824161
55683
108834
991167
188975
165722
15904
522927
678400
727661
892102
328613
461610
166090
620565
138029
992471
74834
629023
132125
670303
789708
720379
688547
916953
691682
8555
368011
416818
893028
472168
240980
948711
95206
746351
651890
260928
762254
689021
939327
4120
95328
782144
465730
261418
916913
603758
253889
991746
232782
900217
176254
536694
134801
864800
453647
826482
387559
335863
757505
280588
808030
998484
743503
417440
744835
395393
678367
507089
84414
617694
511208
693945
914042
491142
955362
830955
609105
723455
336907
841886
623673
513160
892784
272678
892165
346432
613365
279724
196499
370870
74516
518733
369354
818018
936172
628393
727615
614540
135482
326233
746438
160894
20179
174686
166241
975540
5641
775345
213201
342547
131436
351078
369912
24220
623755
262077
884855
237120
56005
595558
607989
644725
114291
977342
462743
50464
605735
704563
179208
255421
30796
925645
930519
50974
100331
96760
540719
620176
386309
268124
476927
517744
619201
846838
56168
242956
623119
455228
480076
193329
50786
602269
838053
165077
93817
815000
215540
213756
519563
908951
983381
550359
834596
913900
115537
449132
524864
170460
583512
425377
952787
60439
943120
571988
421482
513492
814944
558805
968719
809224
752133
19506
925697
104391
184582
19514
919391
914325
233270
438954
823276
216651
503517
172077
644755
133259
135413
683823
817922
718924
109200
770710
293568
566524
856902
229254
80016
671846
788058
48736
995274
54397
582445
920972
158787
281231
454690
78178
195556
202164
31337
533036
933018
49058
219317
577773
182316
868934
775800
514443
102063
884999
799357
395630
451523
656259
624883
531539
842310
927146
94479
837584
981542
676923
272761
140329
958153
241656
218507
667913
443819
764047
715153
376838
813104
934469
468815
509625
317608
244616
24068
419671
129615
823424
329505
95343
479683
954388
141086
321993
395739
235564
673782
426691
460747
517609
384844
702402
250320
566961
660426
14367
796318
551468
827471
730787
20283
337096
562600
264898
875367
982270
908717
212996
311775
4060
692678
780367
145145
528876
176106
894912
716862
553386
321603
691813
585200
220651
908420
835519
301816
568846
364091
98134
120314
705766
343125
654800
557066
905724
919698
432433
887994
342620
645428
713974
346679
852310
494341
6028
895390
670447
900939
126457
738037
736746
818270
837441
957396
726690
672961
259212
809740
551256
357345
930053
257022
700469
584853
328292
606194
18756
274929
8393
361375
434561
722366
222258
286871
216708
742489
696466
401359
643428
822922
653600
380174
641192
491042
851774
882086
678207
625190
691826
229463
982534
136084
689
197209
235142
328980
803402
253897
118113
325999
129477
552673
48366
865938
839543
779277
608428
50214
694840
766060
873136
348440
660439
28533
353686
512213
910619
31893
137404
602445
775559
634142
738529
290452
831350
973670
133636
148957
741771
251748
474956
385452
804420
37526
765595
158169
331007
374023
208382
25847
654287
595722
888490
314726
624255
756381
341144
534874
302478
992751
137319
78038
626893
390052
882693
972448
877926
16330
635609
133903
268077
624769
33559
586702
176499
799153
259075
507505
687380
467456
47556
341668
63179
450251
656393
201638
206632
511741
736511
509109
504492
388034
101351
645590
292291
984044
132243
684421
514578
767851
818323
296859
906825
366087
883560
83324
165240
656839
105034
852620
124296
152589
194288
701678
117044
364885
903315
323675
876626
154031
346989
895322
56269
962543
540912
348559
460792
187359
32981
489574
469415
365508
786433
376240
731594
184198
459563
411039
841037
564596
263659
479537
231390
972150
181215
348433
851239
598734
186313
727865
266969
47506
137393
323237
10049
678304
186001
985045
379868
733185
474619
849282
612897
261052
225522
858696
959454
199289
269735
800491
278090
47598
794232
509479
19748
975446
372116
870986
88385
558428
113057
869557
605933
250449
706998
130187
442957
892998
629436
822824
140388
104055
672106
267490
879311
411832
126186
352970
611121
395920
153461
403415
443517
947692
912893
977468
437343
285009
362659
39932
357642
475715
423693
963574
240368
130691
607965
683325
537894
237401
20354
192486
855660
206665
459975
734971
618496
586160
87941
743821
982079
755605
147236
939800
217502
574333
917268
169049
859342
794132
723184
216984
269847
146877
694762
510215
791771
816932
707744
54333
728097
522151
909992
934761
982125
159168
67463
82491
761312
811283
578774
31122
472724
518575
762827
47057
950047
931875
420603
744179
169264
151791
528231
830344
846553
38446
622116
663485
746189
465985
232022
988490
988135
656219
923252
484466
329591
990714
81161
90904
316202
659934
636229
788925
178509
399057
835982
642761
845136
256585
386940
14401
922580
915170
358949
769133
467820
981064
946822
728213
447050
693048
716704
949389
349267
154161
948059
193063
144875
29220
283966
975280
689154
434399
764206
381867
833455
114393
24628
192797
885181
411568
207197
807761
840942
566145
91099
308763
61415
37921
36976
22669
245174
267884
972057
594440
422044
434322
301707
81123
977745
585672
56404
181104
534276
820609
562971
367731
935001
101803
560527
334387
27575
281928
142149
868517
362278
233247
691484
937896
785372
728459
960564
30546
510548
446826
139190
932591
881147
440897
13715
858893
540773
70118
554201
75049
404931
117172
956984
854136
218975
31716
188523
760753
827848
844875
629270
704330
592327
320754
642226
377699
563418
602790
922448
588170
563820
61638
520761
444968
16739
48680
818065
71717
633001
886470
146765
37932
3643
617953
406272
736821
163874
109000
497574
991721
953874
641049
210256
60406
476007
852481
438104
553629
969475
360552
141799
533295
936394
662560
492467
467337
225444
824736
539053
858445
711207
200023
410581
229054
332180
331058
480079
496053
440057
491857
1979
908135
132906
212234
968541
608913
578919
920849
676746
548394
795606
818545
595894
246205
995309
602565
713541
220753
941506
766799
79198
166918
966821
3984
395971
299001
335041
876049
795054
775097
882110
311237
197437
15017
523471
165978
138134
102390
601032
814879
164989
396638
147629
275087
642842
142938
877651
870587
877895
333362
637386
957092
500279
604207
475280
410454
903208
810320
800707
212467
99622
682818
523703
297059
697834
561378
977240
350172
177973
578272
679255
857165
489114
826884
132252
131956
484026
524107
2544
361921
857469
639929
833218
871952
758341
308498
282407
661549
118819
83114
388220
732644
765931
426127
29703
977969
501710
521148
328141
679682
613624
7397
51052
102739
348485
183303
234694
832510
221614
751441
194432
593287
391371
27650
465240
149712
850351
261851
325465
969169
344964
227889
216019
625100
168220
245721
603069
669929
281073
445415
863815
894697
452811
914866
315500
612373
232129
148010
833987
497775
856645
941478
889145
398499
920922
553061
248851
182773
392730
732224
41942
620618
948242
667041
303042
708168
784314
972971
989240
229729
836786
398142
196744
751653
395577
512243
878230
141911
174458
226422
639685
545307
167901
43035
943806
88823
110300
706861
785800
503029
953289
341946
637851
415737
523191
940892
123905
307505
428068
627349
537234
264855
25492
248182
530712
935272
760425
408942
77183
449087
635364
716867
994393
317469
274106
938199
406291
384405
159265
706295
887433
112555
48241
39489
42496
571431
494586
166400
393141
922653
307953
444579
187508
847648
692760
232424
782921
453185
641366
860103
416476
790934
91176
410870
108403
365281
863273
28898
749686
22539
249398
151324
649297
811842
705017
691792
897478
199603
372396
290619
122256
194553
735197
823968
42202
427957
56392
825122
395347
211962
199430
326027
2896
290605
736896
625502
170091
600170
654400
433981
136913
418002
585304
786209
229844
290321
992205
127322
489923
364601
417940
126384
559153
667341
950351
115559
609503
520947
454885
519054
732909
654315
845080
250009
459124
581977
875511
143419
696351
44116
577399
833263
462117
162704
133677
206165
967228
125882
333487
971356
4687
265631
97740
78044
932972
48091
193603
542475
569037
648487
575733
816150
817006
420813
66160
790335
516994
455875
447958
213345
14195
25358
46608
476311
702265
180284
196680
669493
820369
530166
640849
825055
795797
738588
903099
242974
300883
610906
299653
384125
773597
875385
200275
104809
296198
780638
895143
327397
236513
343101
540741
250707
882662
587349
241222
584927
281837
437902
768625
102207
968067
409474
441466
278069
662267
344565
477354
955470
820694
375683
243273
696079
575958
348081
506482
356596
243224
833878
107314
100529
888823
358020
983191
990376
113447
82323
272214
551348
850947
888624
33620
774626
330090
825893
951097
188860
346935
428451
144330
681834
804134
387602
892117
894296
735682
912803
765096
493110
260886
872409
107844
149710
230430
605239
140086
343876
687561
412299
409428
52714
815127
443047
827339
145218
268940
778436
334077
130080
721091
992610
811913
39430
894417
218235
933725
144304
131039
698822
151619
391924
571231
259462
541633
315865
864700
195924
173945
66466
608222
583372
119179
423350
540624
460722
82772
323768
753362
416848
968051
474454
923662
294169
513883
818079
512404
447609
962383
157647
660635
628206
549570
746070
887667
605408
61936
266572
801331
750084
847241
923757
847661
966420
861311
902489
941346
944082
226257
694709
875134
194309
169163
798797
2682
197250
131081
515085
159063
607668
672731
819697
235874
736506
565768
637745
341914
141908
904316
657449
406196
751558
581206
253857
232183
442518
156346
173529
900804
896807
382442
775939
605320
551604
88941
608001
263059
734225
637291
422121
341894
310022
241819
577767
46528
321791
729717
902645
977902
634033
560094
384098
899795
655505
152160
646182
98023
822709
333916
513031
719516
716357
288970
839040
782166
892114
961246
45225
626340
598537
467345
968233
908558
223368
60205
469291
545158
789921
371936
37265
938159
421363
837954
101740
573522
998341
713966
396231
332257
226997
629952
48614
30172
983196
830779
922285
944442
390208
62830
542979
857553
31063
965742
595125
605472
435033
654488
909597
321173
691752
847756
281612
113115
199916
383351
200841
198257
611521
111277
44718
838518
255433
93331
868689
238629
438315
305179
183072
342727
368009
726050
200280
913275
205997
309610
32952
155234
964097
942549
990611
655849
304510
272223
283169
18630
169779
484009
731090
781299
109490
775807
134022
364922
383343
516915
603551
821657
822094
300827
678588
704307
26877
393073
617582
747078
702682
650534
902311
666779
107288
892922
836832
926001
165146
120001
944631
849128
118215
675721
630427
227704
965733
278654
106831
349076
795568
224586
684937
617662
525412
363525
321969
66493
756597
453756
813570
459279
618494
715882
640262
725781
123009
477095
165987
288154
597095
110618
651486
715309
300544
796118
457218
266277
74772
78253
615352
870339
302838
814493
2207
828249
178018
324175
894741
934615
292135
708312
908098
910628
938398
548361
150614
61407
25456
316601
863765
136755
941422
515251
366269
241966
311369
823486
508242
900344
415943
637798
770684
718780
452291
772890
547029
630309
611269
955974
79129
903404
178491
501431
814032
631093
49792
478851
692500
589451
795451
70470
726206
736873
99925
92475
493044
411294
430165
1286
311638
846107
153289
596526
564887
605579
369416
626120
750092
494890
96299
343425
398294
274790
844856
726530
905882
894647
205381
112587
515036
697260
724509
766114
797185
816983
259158
208479
761352
260443
34321
607459
927935
630847
686550
533515
514467
826874
797811
9357
437377
141237
921854
712166
986092
162590
132254
880739
367970
759044
879042
397211
456305
163325
253490
934738
422482
976172
210295
197129
524697
817753
125065
669748
18508
172784
698420
359586
970594
707776
796963
626035
143836
23334
612127
306425
669791
7072
188599
428836
400318
585809
399345
518074
263338
167039
967016
200024
657415
177312
397153
182112
509269
36422
366065
527777
723409
64485
401567
208208
286465
198530
834243
430300
736068
960574
736724
405859
967645
925323
348899
882168
25337
262448
400242
288675
429486
367258
488698
601105
544569
400055
297422
53839
950680
663486
95820
674089
727970
497386
396502
14435
210121
744949
444735
460393
705523
695663
866251
187374
620986
729355
69542
160528
991802
983987
449202
935493
865449
452104
536598
410019
852159
348224
978061
317044
11710
588085
505338
739679
599675
901839
268319
809795
646788
713053
270188
866515
922920
650644
568093
58112
379999
637634
218639
886005
135826
182045
335703
1276
634148
386506
925498
512
734729
903559
317556
746439
5849
822893
323
605523
238937
268641
929523
399929
495898
199711
266444
418819
364559
348742
476930
258762
986375
695568
144768
636406
391817
480470
637681
25965
866975
563179
26477
115910
980942
858236
862348
986790
681129
862670
592313
434270
645516
521836
834198
141414
235752
614846
74437
114515
963587
551366
373277
464168
761138
32249
100574
152955
26923
252459
693124
408103
815637
719600
524012
310784
92041
386360
297574
287374
763234
404091
721643
408750
925927
70046
64369
675883
199096
138805
790397
162684
204376
677878
141056
965513
710126
755833
632673
737049
8292
325797
145152
338133
559601
669163
648916
651641
569727
946489
939014
847165
864784
174862
770120
790711
244907
348693
980798
444002
487497
285401
120890
206077
963278
776149
685795
673405
531982
318468
924658
54478
158469
69810
392610
718069
253177
41526
883914
337108
502219
337133
698477
367004
511994
468597
671919
271105
817289
166923
229311
818991
452323
864405
25068
415601
640554
710862
603210
686741
543534
527868
741218
702002
111882
133829
934275
879262
689558
818189
730574
191778
669526
429052
72986
181520
897648
259109
966828
229143
426031
196140
48134
392558
60545
587405
808159
215303
298268
925573
902043
841801
967646
643262
543804
79528
777090
992283
472995
980852
810473
203569
172630
994203
632620
759819
689928
530269
18929
656756
273616
959163
367100
321749
351722
427644
423358
674085
642947
721625
599658
59195
77632
567304
702456
621435
161037
993750
613718
634031
974603
938395
837599
147233
446804
470220
421257
136732
514693
954389
793487
788308
913552
160588
624261
265274
102436
47619
939358
259587
283449
53222
318782
361080
620525
21238
496719
781561
14989
624641
929796
989591
563037
767396
651028
524045
237616
586489
660776
266513
540878
968467
54821
454431
129055
193286
233909
745695
755108
173268
519486
38557
740693
838267
399636
361218
373710
896354
656984
902902
520996
586780
406698
598237
354176
571930
122282
105996
158420
297262
372508
699297
265729
941532
667932
908988
649022
901841
654683
404131
589313
174169
442687
330006
526641
356528
205428
414555
252882
862411
317457
288082
963396
238359
400523
831776
810288
37009
937772
482912
334270
824484
696414
599999
766017
364346
508987
415039
780391
677874
333374
369704
366247
776061
213914
892887
132589
419342
307442
899674
795957
139103
701961
759353
377461
102484
591130
701954
139493
43107
184866
987966
867590
881279
102170
147812
759830
611156
77056
540221
803234
410429
424130
169482
186490
638043
576573
833282
571589
398220
247162
367547
537322
949122
641104
428988
51606
232234
645146
705302
789544
830011
207474
657135
225496
309643
319151
985325
435004
396206
525546
238238
806635
463880
407719
507329
101924
498497
340612
673512
896716
587773
555263
434038
51100
196368
377230
102705
942805
22376
322212
246555
366592
529685
903689
592087
839327
222840
577412
274331
133251
617162
26774
939885
81043
948696
961418
697170
447193
816234
884886
343909
404007
954354
292152
969310
664926
669381
72016
121936
205962
908431
368490
572553
952320
786383
164640
791647
523428
256256
580183
656678
387622
121161
110768
982868
69857
72186
194243
517050
888420
593334
860958
806631
547688
153110
775942
212614
336696
362162
848753
542657
270593
217244
115210
222913
3627
794053
528764
527054
564513
623151
183732
466339
744311
294499
963412
814168
880889
157655
845422
769309
750988
706380
575940
812880
373695
351882
539698
710390
228248
388452
253047
498840
605695
882460
235957
123526
190718
278926
650580
755230
902076
348516
160593
157220
699185
488965
38109
371045
321622
636237
554971
411766
963322
928665
763648
503020
639055
506100
891471
406306
4941
11371
802970
755101
134897
993687
34027
299681
263122
450308
162401
513100
610900
833824
212285
614069
386137
97534
462660
707758
247976
17631
119525
211298
460501
397377
714317
613760
903476
119994
534271
422621
645568
337241
780464
330929
725953
594349
108255
176261
270955
621354
301365
104779
347844
915433
490916
445377
378093
198674
693352
909928
832402
418854
370429
229779
647376
498393
647460
767369
32664
70081
412937
369905
762007
707606
215038
487961
816159
323292
664221
87114
944646
965586
706097
806694
395224
197013
252071
773317
909890
459628
197450
256498
392686
82083
481
40062
580475
647940
321635
613139
232226
248777
983043
994232
956382
198081
482193
286746
35577
146415
888064
494427
626205
594161
301121
21429
305378
553192
308950
729472
527024
506399
985969
919709
588481
986450
473976
168957
148595
795610
296300
380820
44387
279343
375053
514973
991627
857245
801719
27204
517864
203988
521631
658273
312353
822751
679702
617730
890147
502856
861406
931375
9256
847376
365290
111941
348031
839265
795101
10830
634875
91401
391650
193467
884947
766702
708439
876574
138152
24363
417983
228350
453818
540702
790773
22400
672636
195126
525256
534043
126501
48716
895623
5995
160656
757858
845259
469962
768687
994339
561362
160337
187806
960514
441243
410449
351293
93600
434812
769275
263820
177366
737297
606517
232273
528071
628917
904908
723196
668377
438951
363901
717092
848778
369896
391952
606636
729359
861913
375324
237903
937480
535660
939912
897994
491108
350362
763491
584707
299378
46972
848526
990947
784268
455043
223220
826543
598164
128129
63944
266541
81284
427845
983632
930062
311945
889789
536698
555508
751702
426226
793411
203387
961886
247528
615585
967198
597889
379077
551905
411471
426048
400431
402419
210316
369678
139843
36860
482047
782175
615007
262792
863459
42852
760629
307726
869000
650418
358628
424509
402120
784854
732124
119712
260945
979651
735296
228143
91746
114373
780047
17421
540420
694682
934043
264941
578564
73887
816004
60611
856061
431011
837607
233725
988067
598236
541450
857067
248654
900078
795780
164978
684932
42109
284689
460081
535965
19986
688223
627710
134358
468270
645130
188983
677156
93379
453923
255720
167265
784131
830535
23326
215142
668142
257051
203209
266378
312705
574481
29236
212783
884465
194213
411919
926574
478902
871999
976743
13092
560222
604453
147449
542696
763787
850635
219852
818762
989776
538634
602893
820311
76165
818035
2658
847419
535448
269035
160124
624133
812474
887111
22804
6687
299030
463582
999792
685234
440325
12884
759660
44778
674537
302357
322769
39377
36413
694139
858139
26189
232773
461032
846499
308937
793271
849156
156356
842924
632395
830684
467057
444869
717795
489860
965760
531029
467646
479757
730467
907970
492641
490128
466952
681382
306689
789721
720758
483860
578897
369290
230837
554134
729993
53979
347405
93355
724538
190329
239954
555222
171591
199028
787221
175655
678992
318251
643301
158749
562922
551271
651389
53050
18224
846975
359738
322149
567734
702839
320213
660835
586333
551049
214969
830530
119232
76579
438089
843770
266907
678043
398992
438497
877070
700418
128357
556062
532873
771657
714810
95795
837132
880404
148845
855355
241584
22787
691708
809317
239830
11921
984357
340367
77175
713530
170898
196406
790108
608986
40176
57016
287029
953372
9717
678303
653790
652277
748569
700867
423934
977584
796661
261067
372193
459710
630626
613776
482497
322335
937298
722326
848459
435860
62694
439838
149390
747795
636244
939498
356781
190624
510718
158015
143996
34639
350522
311990
686916
613296
12857
110850
590880
323723
886120
477277
783432
30952
605257
265929
353286
542555
988255
715949
492619
565153
155788
642009
312948
792031
95712
183933
496859
606429
341947
155060
155272
692469
467049
842187
305765
994110
467242
410849
317833
353362
888125
101265
384313
7587
881398
251803
550142
383858
481957
556965
949010
637744
198974
776162
943979
294685
960094
440838
415318
302042
595897
570590
508715
577151
926981
328684
85466
394223
253737
917502
261790
656066
532971
160307
663652
414369
412110
727998
798226
894066
284964
747236
46015
483937
37603
989993
292827
997697
945035
222349
813943
55138
792938
322658
146493
719920
165546
231958
628347
419282
149460
890136
75348
682430
50444
738999
611004
976757
466998
409230
385028
751961
670671
431042
750102
708273
935239
557133
220175
880274
779482
34118
449616
572420
870979
596108
806544
36525
828065
434892
970010
491729
325028
45358
688364
889675
298562
299368
866432
279764
708597
765664
545929
893472
196706
296031
115951
646149
367369
336125
40629
146851
370243
490244
719270
86353
40020
791951
428622
474911
761961
920351
314143
321524
122920
718023
620085
422287
98660
414053
645088
864324
959981
538561
575234
770216
654511
221384
137585
504840
262012
284435
875082
752255
517910
630509
352812
557929
422460
781434
547044
698625
701785
375391
534353
338909
93414
154438
761195
706278
568490
406283
570602
42676
459048
145836
812892
627763
367219
950476
132604
629230
234912
521890
895690
752821
152399
248502
824954
89063
544140
886202
301893
760129
775797
836245
99038
869211
990683
860232
89694
73378
780720
660295
630258
753972
806130
443150
895940
687554
393626
28544
830988
142742
550433
726678
409767
217037
489385
748925
306099
33525
635127
122196
793654
410925
958441
892691
794340
463329
267129
884033
50911
47849
544328
681168
316025
864662
124318
211965
552216
32149
754712
383205
689094
305146
624087
98862
36387
627676
847786
856689
175406
997118
978885
969059
408043
937326
375955
716587
400655
643083
600620
451565
205136
659152
132734
35366
38019
771255
247330
104440
2043
487644
6703
821392
625935
105564
857778
767816
467554
228672
943221
978876
207557
912280
386919
144883
802439
617710
59742
959727
732534
25512
679067
905890
672449
714432
943909
443704
475967
48349
478009
50197
282219
813605
190336
901986
185588
958151
369540
414259
901372
348417
621816
327857
249540
280903
130297
381455
854849
604228
113989
880360
283295
19880
552809
997727
477993
510717
473694
526341
786233
465907
90742
68452
793716
281077
970437
979303
239229
854182
393562
654805
716803
529582
982662
480547
324690
627163
862001
179539
231391
975990
59899
28890
510074
126912
540821
988066
637628
528719
28612
423862
994625
119353
6518
788341
400429
976955
281849
153862
345342
675411
808667
62145
719197
305534
542691
43887
446901
918897
223425
192496
409092
797527
221385
919165
924438
762206
421436
76272
290925
450047
500133
799755
83604
506650
102301
484032
997809
898354
152099
343151
573765
960765
919499
807166
780503
976395
851053
227404
895292
588682
419899
304384
386210
155488
737753
824852
431898
673393
901123
237028
123440
915460
36783
207043
936315
653287
205279
934124
65846
357377
791480
153815
832346
225184
960981
127054
201579
812034
354457
611075
914920
288560
429663
815334
444048
167416
640187
390150
840808
55515
627177
478452
485180
178164
199699
935699
831451
919182
384028
411501
276559
175508
565316
623110
400692
526297
750163
116475
852535
618825
727550
767455
421589
157213
582790
379841
838833
737181
769991
193846
306900
397168
672298
306284
575332
386201
241983
920987
305383
626011
332488
96147
315723
897803
233461
716414
424100
983623
347094
276635
74644
558295
538242
746060
655289
918082
584893
392470
202278
778739
213574
599446
965241
519858
174778
865646
761840
609969
902055
942456
781380
217779
840260
14841
448397
778564
512668
795490
569404
629321
384338
127699
681767
130399
782987
114054
715291
175457
316332
8235
903234
429982
487680
423092
604759
867531
699137
214728
552765
601192
671388
334145
818970
511648
863189
267368
290213
375857
577062
859616
519382
961400
501519
715353
91799
284506
343612
321294
974166
659943
843733
877400
89925
845617
814697
208888
713148
28039
937819
265913
609207
114262
962405
635060
977450
743977
439477
867512
321039
813297
901098
282439
314816
616452
888441
599321
960063
209736
87692
134211
567673
479296
738339
413290
293993
947226
640643
322031
399250
906555
465466
8457
535022
942075
643516
26677
686052
82993
894188
521295
896289
309492
803734
725309
925943
206380
838834
400211
930319
926525
48626
497992
405822
786964
425487
214019
248395
66130
50255
647644
486889
29925
170305
21911
971999
813821
48588
172256
411018
456980
693550
821512
766471
11489
61026
206619
217869
899860
121034
148188
826385
169659
160385
746411
956622
585871
960430
205017
652000
10685
852660
138889
40609
22966
675004
526812
350991
723591
699067
276213
694775
392617
611929
975451
918310
672955
182070
136179
572815
303104
798570
913404
986966
958954
659816
943589
544825
620246
148606
711029
145135
515471
849918
699947
52641
524922
226759
917835
762717
925825
708252
971696
832646
320182
947147
750956
993136
643422
401339
80156
460730
714114
993559
447696
673068
167580
905489
732098
302030
568300
443127
961368
83771
807249
661315
650615
846375
402278
82655
123297
328103
790906
609198
674954
111088
70550
940114
618428
228176
341454
212788
688905
55568
720552
650806
242840
888131
556295
489142
704366
124595
446474
665734
722569
767927
327050
887388
614303
729327
970042
251804
571635
760949
375206
760793
386241
445756
700907
518874
673931
556565
245866
877041
126337
966417
527847
369177
368754
598346
372523
73120
237146
818996
253058
473919
586924
580107
361308
715431
823639
331350
481439
909478
606503
670271
506949
302401
885382
25823
490536
441948
785892
367577
568284
266515
451665
635268
7975
824188
222592
759324
157389
475649
233243
744312
569961
594550
973947
907804
440105
455387
817282
826236
487553
67761
128637
372935
93583
619172
329087
393680
500954
411576
660194
910581
863240
809666
432760
201633
32258
192084
359022
22111
939531
617538
106276
48286
105691
14080
488390
75282
831361
49203
901517
833118
116963
30154
720258
724750
163530
49345
118430
178688
460920
778623
89270
838365
588289
36234
39998
134751
228318
913223
156861
682053
44967
777341
730338
150657
791420
218729
225938
622782
267931
641659
970104
899097
186017
690362
623847
349546
253912
742276
42439
714831
35104
131708
553196
137597
167941
107399
272347
910462
20622
943412
592515
579792
720753
322854
244653
26378
55787
984794
163364
837921
626453
133469
737018
812469
338035
875070
676220
591946
131551
718658
306778
166655
364570
374178
818455
532510
481576
90803
957177
16403
548419
549692
596194
783376
386750
355052
809753
956740
339846
973117
308866
966299
620790
560089
292973
958824
435159
969192
550771
566709
202055
857548
247568
566624
231726
66024
613339
227507
671030
570516
243909
733653
634412
354307
517029
535367
709358
326782
6312
49205
814103
315178
529708
434893
875266
822680
393718
310425
306078
944488
391338
22337
316241
638906
588961
62171
219134
716504
289677
890163
287020
533585
623816
435636
402097
655049
971002
111455
496035
977314
674863
310139
806696
718775
259236
681962
55661
652953
506591
875942
111646
412133
898278
942090
51039
487239
4262
784376
203743
293938
188744
4967
341728
812559
440603
743824
981812
925809
369483
477848
417328
44347
787986
224024
277326
561426
420190
332986
214380
440985
208928
840229
853118
107207
782320
418361
108650
786581
202738
826597
594723
391481
345768
936450
718245
300575
194479
700057
226385
563962
177905
643712
122513
480095
381941
399838
41522
316335
732824
770105
757320
455956
124539
124643
77367
906858
543003
207644
259945
526818
802367
165631
872585
253022
398080
173161
447501
98137
913749
11463
790246
71666
133975
784545
967810
48017
340271
284146
780840
110376
751001
234915
680312
828367
655977
737519
528588
377826
511669
55406
694397
191504
442196
947418
589583
129561
909123
201924
557514
920585
506374
629179
568764
290920
596990
616781
631190
395340
911825
255771
951009
662826
4890
145526
5399
175071
397249
533986
552896
423122
103597
247293
614625
59997
708916
204208
189557
618039
920336
747070
52830
426710
890453
621593
717629
487443
752578
863024
396987
664404
632999
862200
841434
152093
7726
361037
327163
919179
895023
394264
342301
998619
641556
471131
58616
864676
675338
762376
482716
595674
23651
535545
536589
914103
671342
254218
401547
423921
631446
798533
602529
778649
174939
958167
930741
182664
319205
257905
616047
214228
652168
472553
727051
807928
943683
299871
672605
133226
576451
155321
243105
600101
205070
779693
514204
876411
33911
429955
814536
179562
742693
417065
958210
917631
889437
888952
614499
208642
661061
230547
937073
313229
217304
178329
121157
160987
992403
307966
294212
568854
977490
537316
683159
182560
831213
711567
573176
865124
141523
387712
558890
398420
318982
31305
830255
208419
920256
444754
931264
581317
189505
868337
406808
560870
44112
81999
553273
352077
890415
636331
329568
941935
319490
26332
773149
545261
599507
152478
200988
501424
711367
599407
334610
742671
943866
57233
177133
388621
988496
272654
92330
371038
195609
13343
931907
239720
609545
999384
106001
499960
149920
949772
441896
983613
976104
215045
528874
89816
367522
729862
105444
593093
843473
954257
849968
787340
11490
541305
690165
514190
813959
782494
885227
523772
310041
331339
919586
844927
869491
933750
994846
333469
375646
978459
309573
104895
21539
913592
986620
751400
19037
93918
109078
973293
943886
896417
498988
999395
586582
13178
327559
883281
412610
851330
707526
258153
614821
141317
103081
998517
75068
612131
331986
964917
104796
155763
69813
126334
583559
570637
391938
602595
664555
501015
90094
122646
397433
103286
122041
498219
116463
449600
381500
43277
300930
603231
301430
429956
744547
918714
942677
819614
530845
784532
149845
458834
368549
276178
42393
939185
668115
159193
603740
169131
763490
240590
566563
866775
876835
578986
983237
326435
960486
26515
141569
77922
842148
85729
822468
760862
542610
642083
805911
331477
940819
955756
304515
309368
746138
346908
248553
414254
366498
97589
269590
607087
664151
136365
483922
757341
633806
324561
717827
174525
980334
795748
16673
66063
132422
291739
122878
774504
611855
454354
715323
567611
273074
538895
313749
619981
787447
242207
640285
668149
339795
424079
789441
518150
74648
787567
275492
708453
112129
507523
397183
606667
817476
928059
186934
949897
219799
309811
238606
831653
278370
468133
913468
551443
7028
741421
685628
794474
497833
325913
976828
837627
749991
766269
869982
338843
553836
145474
561500
180169
167201
958682
786835
984676
400947
973769
934573
620745
797784
687383
966602
76154
155516
394275
141801
162543
135696
827428
471222
147733
153341
448050
985360
417536
728523
855342
270583
282359
515020
832083
462528
682220
790765
763567
181102
191712
251541
115675
326661
563530
803058
807467
639683
472778
715946
295689
635321
365847
123117
106543
513579
790662
68797
498939
722402
797319
868485
992985
79678
383505
825068
56410
579930
130038
334182
761031
835954
99927
390910
676819
663456
708172
484287
817344
180951
714437
113033
330476
80284
236149
437018
593863
541015
20019
607006
263418
817337
475492
256403
411219
373201
595675
981833
467335
725712
830219
228366
561666
930145
133481
752690
107807
841652
751181
925150
536807
465618
552387
867282
545902
302740
818504
139765
843755
838522
746770
107173
170064
736466
877779
95488
109668
473454
77321
91207
713370
907539
319573
789241
351889
967257
541931
459695
808909
293112
899049
859921
758729
451436
727203
818835
754176
59913
472804
597931
898434
219575
219308
582703
470245
611291
678190
94117
598949
755510
185324
312319
177254
19101
101560
43347
986357
643490
17247
309471
450806
916295
169392
723740
881936
410800
542575
636112
470712
15380
748247
883350
749158
481759
466053
733607
607254
144243
827724
206203
413957
13048
518521
105415
32148
620081
148762
18505
777775
680212
327975
742786
110712
11572
466526
992647
422371
523305
142964
893082
52889
891210
776432
802046
887173
756690
535654
900932
877582
700629
829094
890629
733355
934508
436981
867640
597474
969689
645415
791890
811868
902405
902602
823439
368931
895249
760014
406441
38214
653096
459329
443628
943733
775580
330802
700423
825438
339433
115560
703020
554267
944653
107854
287622
393367
544834
155262
505045
28728
314881
296936
840595
217287
199538
178240
100422
94787
938253
506862
647204
105555
966191
90833
563492
935838
263915
81414
789475
893678
784433
343742
838332
406491
631363
745903
465529
300829
250948
494256
615710
547883
849055
832996
261625
27295
933417
356412
479753
954484
517820
99512
920675
608652
663003
176651
58695
441122
258064
848170
334800
556701
706116
687336
963191
851684
433239
428720
152513
198392
437180
768222
260479
286235
115423
522104
827734
563045
392720
821691
517529
910539
921202
952408
519192
584205
643263
92091
25327
415531
940260
874330
972231
646377
561667
449627
498061
509110
392551
164778
707501
343935
447205
967980
630169
562627
4289
972107
639876
397008
793798
671609
307547
229205
138222
340943
327614
781484
433034
867144
197015
887498
741475
683450
48080
817346
647281
60345
326456
554036
225123
548162
897970
672327
30347
528140
34635
14452
903239
431642
322455
574848
739188
551659
713070
594336
879273
8759
27370
260622
719978
914867
2097
403428
962947
819442
564914
537496
660103
118950
762618
722469
16921
434945
752815
59265
698308
787449
73716
601547
733295
910374
176395
986687
976238
403669
581023
369716
412428
122597
630337
132406
37465
632434
50038
514616
966080
129156
52112
248106
328935
862856
779230
278084
615671
838494
976391
917324
426414
92143
650619
336789
268538
151512
827231
186411
196947
113043
369336
827283
759652
921004
973921
809690
435620
940002
938845
1936
594594
701155
845074
457451
480385
123159
73122
833083
613754
504651
259498
705897
669474
110491
488639
820985
937721
675049
67725
134668
788092
437060
961950
61949
358064
935872
385843
307888
390079
838893
824027
984672
540048
669102
442123
20434
306465
29450
367721
920218
48305
627218
626115
717778
251913
114754
52969
189634
304008
120693
838505
606304
71957
314661
668252
430020
764737
54096
252112
154816
892988
590343
653692
947240
259445
610020
481878
565909
153674
849599
333
201978
991021
140652
433960
242935
255406
486928
946772
73618
121825
785278
679921
193781
99939
862377
138005
378880
430677
390116
533695
837869
980459
187387
785110
754108
311611
266988
834222
465284
630791
834554
667261
621813
975205
101222
864747
744815
588149
811519
332637
709974
111002
526762
417959
725144
389140
555964
104024
334021
460284
637718
171891
954947
339310
471205
709056
650920
738192
116205
368984
406241
297670
990796
895650
398891
369748
640466
501245
181267
487307
725423
806473
14070
143382
531617
917413
213550
635641
251434
673834
273359
937528
628781
126873
408733
852041
291998
661130
909523
922406
544318
315764
220076
49319
211415
133172
419066
366085
148621
114537
853391
388248
921009
867460
531629
452627
299078
259384
88268
550512
933217
875830
488040
76203
2704
410978
928244
808905
72108
837767
731311
616425
667736
465591
665743
879150
598762
84809
759439
261587
199345
612830
649834
634559
994495
181464
87186
293573
955051
689657
358289
888268
565487
360534
964470
82395
771511
406919
891299
843618
758891
136815
460043
426627
602406
125786
819981
715372
724798
579420
976959
438347
706454
626793
72906
215154
322461
160091
22932
277512
363952
381220
679984
929439
741753
158660
526038
513264
565578
931542
356882
324469
582561
816924
265300
184967
456914
85281
900339
181712
178905
391503
620059
399564
532500
692964
614717
854961
367260
637648
646677
731211
18869
326662
174855
274826
485321
215098
788090
565103
146640
659176
403777
729200
990305
669076
428372
447219
268562
842915
143136
447466
234418
763194
847029
281122
970362
975951
851826
613599
296965
97243
146672
623626
786301
421498
1399
723792
702458
662242
382968
106235
905647
373273
775311
848223
820492
43873
691138
477832
5543
439760
241026
366777
720881
725592
342728
371169
91624
470531
668133
188866
617203
805963
489371
552905
429114
4975
276697
645776
667216
659664
752011
87068
32938
41527
935290
367634
599603
626428
845465
119350
580392
600695
486126
815478
840491
828853
186647
932114
299385
854779
635184
430792
660742
124556
983696
604060
643734
260393
764040
310950
434261
516051
912222
981402
71782
847512
349036
185589
988145
708705
304939
568537
309400
791064
898219
664096
134123
84866
596210
433507
453849
745599
864298
628795
384359
362199
747059
28093
136796
511100
853246
571056
541355
765468
552459
613137
612981
415699
312930
115331
124405
617868
683867
948008
923137
582087
126309
57260
181157
722519
490766
635006
982322
869268
778005
366681
231467
525065
908977
368262
36165
762223
453522
577519
527692
5981
704860
654877
935884
531995
770207
574493
149863
968278
36706
73000
64570
163015
130259
759931
399738
135229
394937
382060
518701
172942
262945
264372
212211
686126
632633
248375
448349
600360
340099
490245
120545
559163
659326
56429
91158
943737
145126
755225
912016
181832
828224
490790
344846
472688
250721
258788
122121
159862
155052
640822
847008
417996
905193
59219
104122
52032
307594
66675
166596
161897
71125
287140
721059
730450
857773
812217
674188
2899
81647
100409
184730
909870
591198
43780
896762
356124
302567
533088
515985
457618
688114
362993
389818
107512
422212
8144
673747
244010
74819
840342
405906
660147
127483
126965
904801
985255
453386
578989
988153
535032
193602
687088
959107
299005
730867
370074
655128
547639
417366
685317
519461
105480
48311
909279
212992
984726
917422
886738
228736
506445
727081
634641
680796
368768
275810
585598
354023
243401
678791
856380
292637
872393
543468
765948
685602
788540
650227
340730
336179
67593
540251
369844
173073
588561
279123
900268
573287
710750
301211
316227
731399
542496
465072
412196
911263
255087
997793
779490
498487
190789
635871
305328
63182
693543
71277
262988
482083
721503
117922
332466
303300
658173
702310
476372
246734
495637
890844
334226
206387
192056
164657
451991
734551
629729
864186
160020
884815
376184
939509
383302
566972
89585
202834
144359
783128
274110
407346
779415
509817
525268
626086
813117
183441
842600
803693
944378
338237
694538
792808
58829
400798
957465
25024
649553
587194
889209
809572
986213
779597
749082
883719
346569
352871
86553
5132
135999
360663
412478
429619
384684
451950
55705
197801
898304
1495
93973
750745
210237
886781
323778
611034
358451
348801
774791
459849
238010
584364
446062
531811
847650
329781
392585
200521
416333
397716
850724
291200
324398
280343
675884
776347
336047
387889
925941
748555
903587
534119
499300
113824
935104
823078
239062
293555
171879
13854
753403
924093
112422
713669
970108
960071
43450
362693
674796
973986
760409
525520
779391
84807
805862
969479
375359
656113
357368
301300
404668
260956
835418
418173
888983
284727
755455
128046
578281
441538
656103
845888
879835
768524
559557
849944
728595
117211
212637
917595
605402
487250
443116
898997
86262
763182
868476
461620
933500
740048
277124
852372
515208
626747
270545
404192
911473
540204
46442
3960
981742
702544
849847
861577
471068
923609
711521
199663
555024
438363
117258
160426
439817
74578
59423
526078
351965
442103
987697
285465
182152
779026
137837
697359
405773
922586
615755
831450
462790
662196
835409
444532
364740
199462
820314
835807
123071
46040
549674
678094
484402
181137
352725
924219
255714
926351
964501
607678
368455
466404
407347
550606
245430
545184
762169
165407
467770
377925
996856
930559
40121
346471
889296
404861
545932
709610
754872
669002
269854
304547
861300
754256
485683
214025
192680
741396
140377
671385
863279
23036
137789
270626
87846
383218
330014
850014
62829
797783
227939
573890
242548
782264
920360
646048
701329
980496
869862
456201
163703
139716
760747
25003
408176
760634
753232
115060
16236
407813
786445
879514
430848
924233
664344
518693
821656
994358
882911
398689
306346
625055
972578
63098
407319
407143
223350
622852
387639
93212
79053
551341
747132
354005
90549
155308
114639
357985
784572
130874
765797
571017
524592
710849
9455
188937
743746
345315
697499
626657
258209
3845
765916
744991
581147
173235
152135
804496
796086
53978
411913
389344
119524
159045
743348
210072
828556
857986
82261
613128
503065
848057
698349
27657
73111
222009
730797
816856
81528
428296
957717
339736
946345
723634
84728
41697
411073
236862
846192
721364
805043
772309
110708
924566
931353
368260
648842
274115
740450
731102
887242
243515
93364
99797
785376
680678
321805
516173
497534
403332
458674
969456
743068
405019
207295
342000
446715
132572
93066
807111
853935
898108
579421
478847
336880
24979
847106
499926
299093
587557
231029
700540
345276
838596
314541
130652
519275
636345
161030
531013
553881
619703
14674
811153
538926
221968
153153
985640
354540
760422
306956
722679
658531
886376
201527
509615
425560
562837
9541
724652
150394
754773
939396
9875
593370
253937
654730
626849
404486
157862
958367
949666
686740
283725
488592
908707
951082
988436
777451
711504
295393
500131
370035
181769
701657
393854
607328
778698
403395
846185
443297
158168
299786
453171
265742
553723
622105
892590
472413
437865
564657
944984
901735
251397
228710
390328
674308
179792
378764
451760
891295
188361
466095
775535
370130
681956
169389
491662
460654
86988
852051
903950
245156
151838
357121
25102
219765
979226
431897
692177
931295
510758
637162
347235
276359
380076
251767
950666
74072
144736
916630
965366
333096
255106
703225
64681
938699
709092
525335
25687
561143
429285
785046
227185
300611
810148
446949
794041
756249
653331
239541
267007
804697
586775
543365
698977
838542
8236
773048
497482
924866
252619
830577
821795
507725
48008
886476
960628
757099
926015
986314
832446
869504
285566
59632
170115
95714
20785
478360
366167
674115
717900
633173
993016
818880
690742
691993
171627
465041
669108
138048
717660
499685
959843
739589
547692
360524
214422
818995
286539
200736
651442
156043
486301
225278
840362
96219
246062
318722
462385
434382
550827
609762
427398
883911
814708
119392
55538
27891
98637
238850
165938
330501
252739
639985
584294
314636
509
798715
133631
801251
999451
299277
471499
999956
524554
311861
610380
770616
144787
586969
719202
209818
710936
146600
93729
525644
780195
663470
553534
393037
902319
233677
723537
155059
873661
822036
469694
388375
620751
117529
703830
134407
416806
175329
648568
941359
487189
258948
226180
146181
360121
459586
355998
71057
606186
449727
110906
900585
113197
178644
807826
529721
412320
531364
684779
800186
353400
668677
702765
488355
786205
406595
622762
717215
581924
271330
172780
583317
44482
913163
243702
404602
372750
599700
989863
493140
563631
614973
907929
191032
793616
715756
720752
720141
761324
919735
34532
628928
102617
251501
117283
403027
658095
120242
754223
525578
293021
851745
206185
95447
3071
93139
695146
992933
586278
772981
122111
494207
964013
915726
209963
684765
150072
971286
604501
698807
600214
221322
950307
231702
624348
608403
485950
744590
876830
11529
551815
728575
95792
272204
824022
613066
365342
33373
605999
951619
806354
242314
960031
284572
672245
169994
969336
822316
655485
88042
521124
255699
309364
471431
1605
933711
594038
487555
192506
470869
499083
744321
713648
109079
16525
51875
722145
896071
599452
842348
847690
920010
598867
807721
204582
271112
491920
688122
607632
147405
776164
642960
917307
599732
114392
918912
47648
222634
406467
754358
207707
419754
435560
43037
543612
487434
279386
439683
601090
635939
801578
521100
234806
123504
239886
20122
615423
928008
627753
277032
218377
270714
708544
332313
899309
141661
379960
636147
62332
648522
843854
996289
661405
793618
39326
205018
281052
832916
644700
396347
983059
446278
917446
732069
83987
157333
752190
699409
599545
894147
490646
817921
679065
199190
150234
578374
340850
44398
214522
917385
692920
572580
913674
354325
366198
467204
559342
161454
300120
718247
557800
797383
678729
989451
529452
762715
660988
795846
976329
260533
689994
466975
78454
369059
180369
742891
461638
35423
301493
190364
952807
994412
762943
866481
862942
643345
333685
936488
804798
654735
876803
945392
333465
866254
474845
610384
527242
784895
586713
301979
474889
53688
894636
358153
748260
637527
819790
783682
453224
10154
736489
447637
287301
117175
824783
930645
965064
275476
249648
113074
930211
640655
572670
777880
506909
47515
388264
548355
346615
974977
850333
335708
542869
744969
693860
291130
896700
27855
589016
349925
552212
839710
311766
839512
956884
650753
284362
921948
926228
48215
549226
370644
688869
121897
662728
709983
683615
565197
772542
30230
54379
137081
365938
597247
396254
574002
402581
292955
601857
991597
157084
668273
831307
983053
21991
302396
148011
820556
224345
74239
868770
287775
959087
71845
409671
621815
296032
607491
187012
68574
637720
241390
205654
517862
352842
601908
91865
755422
409067
207926
261224
80355
390403
92531
63408
412393
909131
725622
747154
133476
799860
615924
935454
758947
201973
859330
894967
12209
466821
596183
80783
104541
837573
800640
136608
704619
916752
742676
974245
325819
464806
235470
920377
855208
842204
497989
781806
751335
223611
528960
399015
23472
659088
334470
296623
375266
193800
705794
387474
174825
301978
982460
793569
653755
783101
930176
358374
699853
187057
332619
539877
651862
82293
460254
21276
438702
958243
803081
190037
181854
846245
103257
719529
19538
951930
530357
394803
236151
296482
834758
538128
278942
628327
706087
62043
72709
276101
259765
911284
330182
911627
507781
790435
447107
946482
262883
764392
650724
958941
610637
268185
192675
144379
220115
237236
539182
880048
473387
349868
229011
525719
628809
857337
231807
205057
444250
810471
995361
704015
235960
325543
129847
257946
630182
576953
718632
407270
341345
369356
366211
466186
637540
73090
