495808
510087
239733
883878
139567
820809
881019
219297
250337
501954
717696
924034
722811
515141
471497
264756
730061
760061
757146
842452
925506
570675
564353
90512
213000
865244
21619
469352
4981
335261
731134
14994
359552
485071
898871
499118
305881
294096
232620
70422
796049
464520
994455
33065
979660
465953
812025
709721
740218
569171
66379
665724
654050
144936
270441
381254
10180
806263
850605
529365
141524
95944
544358
501075
95220
443229
514398
401100
737324
747017
471521
47579
211537
465976
594847
705402
446133
406872
415123
186352
490247
995705
366280
144297
140642
150925
525550
665025
957188
890359
194390
98712
500508
738747
113992
595727
696181
142594
511031
947709
403815
496756
509492
615351
476936
104340
834957
923069
511211
250081
623625
1459
759990
504109
659959
900631
655034
699714
79862
612222
104278
274251
225138
604785
527203
853333
714716
737588
995926
739951
685297
399741
236707
194790
529297
713643
813333
364254
150917
324544
128539
774541
840206
888529
278650
14371
303365
447888
714084
383226
60110
818361
171682
799452
937351
213089
652785
166272
950676
648712
906223
635973
48453
142930
344967
577749
370777
158300
456208
521693
997048
584746
810438
351459
987479
603293
365829
290845
51181
79913
188275
625495
412479
874160
424947
349830
87249
77732
516101
37925
240648
422324
188103
289101
79459
47274
381054
450235
205574
837261
486133
716826
936212
810775
68285
923691
414068
948318
214536
979453
28231
917015
604948
440709
791175
544099
304743
878424
621830
820844
430553
862478
757372
618655
665783
351035
180134
561041
315475
899911
912507
801607
616737
848719
126587
199226
286615
540655
147544
15356
34313
689979
932370
153465
644892
723545
697563
949635
116174
833597
284684
546727
210280
556260
679586
390267
907295
859719
951308
222770
759630
378020
538581
890571
740943
665167
89798
27558
720026
751545
557117
754338
955728
489487
907802
600621
727237
119570
64461
357615
953167
349144
418546
677651
905403
98133
67919
812698
472056
533431
549672
745891
911450
88253
636462
166598
753420
240464
194155
473446
992009
751272
741989
947737
754963
649791
62563
996404
283566
127023
354020
236733
990370
772565
428588
895774
384902
496506
222677
371163
544141
772349
117054
455591
374806
753515
622188
128226
508184
330548
115877
14398
596024
857865
962134
865191
21861
538902
861596
305426
665924
729820
56363
656295
16590
484951
66274
915696
495661
803154
286859
39803
89708
403912
9598
464514
671631
145991
592739
179815
476538
222820
194212
586766
80685
670551
451957
102546
209453
827757
922175
389581
557577
978538
560080
88372
977693
626353
4068
473354
429508
290926
27361
519215
209042
36959
497933
394877
182949
604877
574692
173691
827696
283108
760456
908381
467863
212413
525131
191520
40171
961510
581101
111952
940048
141181
200323
431946
281739
204390
419505
225451
9520
446865
258870
218561
483823
756803
613438
180976
361680
702334
354666
189376
985441
115122
611961
967509
841739
651296
159029
881909
612807
740129
993860
67060
395515
708388
499006
677253
912777
918510
416908
922297
879579
675777
655062
363403
432580
268500
544378
794259
970833
413249
497840
470480
528370
624005
437989
370109
275302
111222
766222
402313
365556
274288
469372
761070
982675
482582
952527
409657
915296
369435
331954
794876
45212
501221
672483
477792
769720
731065
786255
254759
144314
798299
239443
672684
422305
677431
556997
697606
302857
837424
99919
668412
625916
83495
429482
122796
80282
896213
532452
509782
779852
378611
304658
339269
879831
491345
331265
163756
222411
117520
418514
366724
915819
657956
553612
338124
849591
624814
549934
152449
462238
164057
820860
602358
761755
764547
725153
842036
174965
257605
866023
954817
150420
170681
294086
30251
176231
625350
194007
398641
257074
126725
765364
687097
784681
833181
539425
634272
457995
89359
300925
434437
767619
121786
36795
529375
400537
761947
885615
575501
533756
751638
44523
684176
436524
338608
228631
612754
478162
422637
11395
735236
549362
290963
936537
848247
638348
475963
482519
96343
79526
783444
44984
847145
419434
595982
376520
819970
357929
776339
909675
405890
42183
954198
90066
478706
807010
318696
91460
285173
255538
617058
534613
804899
422225
471150
167351
60574
947112
164074
671120
26639
461722
716104
387988
881155
826290
278712
215330
184220
55051
125006
590109
97233
593408
194379
90143
400418
513074
181602
685590
282816
312864
734407
601919
735089
205558
769269
309867
666874
933343
980986
207717
395065
211295
595704
790425
37586
874415
5755
736009
443671
644964
840322
55108
238372
34701
145251
638790
61979
841056
838584
858999
668125
572992
460918
403214
778549
230188
227285
959627
163531
722475
167345
72800
933770
277253
863224
485560
665873
383184
735773
109544
28148
576095
164651
780724
125000
824105
419514
701182
665162
258098
560181
333287
831089
21100
250705
123843
765491
477989
83471
443226
200464
765019
516025
648438
42272
893454
648202
708144
276638
383975
331892
818989
960069
10748
599713
599273
834852
19227
300456
14219
791529
374841
347505
136823
910144
112414
260666
675635
104607
858340
633065
819275
137564
149091
981917
179835
556749
630120
402184
833386
14095
734075
652375
488369
744822
766293
87642
579675
785519
902301
593893
91253
791347
455603
228076
701491
82221
2946
891331
186828
375490
524396
520307
513053
187691
502224
207092
744439
646548
609275
92030
660643
857555
258610
663216
602377
24903
750857
696256
324626
167364
804354
415879
958710
774161
158159
174406
856381
675308
65737
557413
50798
104338
591924
78055
292028
94149
285146
550672
740696
408626
156906
915543
266181
415515
578759
382762
954621
843821
79019
279248
11185
397577
209331
484099
171738
881693
658504
542323
557001
238446
613941
122003
342783
205865
200057
149015
814217
999406
699686
554914
408032
370797
984661
674212
786311
563421
56975
740933
921446
650197
534385
446835
47774
257920
930933
733715
139613
103642
790242
210818
856291
404183
332820
199074
610048
532876
862293
424265
532282
76184
493383
454519
446980
992249
128731
233292
555670
699909
488429
477116
864310
537018
923950
426288
309142
369088
674207
962958
986933
464450
173776
843225
868632
506595
42299
992884
553675
418796
417150
600161
494980
424737
54680
941959
416986
697615
689455
486860
911728
692088
478180
290244
743310
916334
716531
566656
285422
390739
529614
272356
855188
703389
629785
238025
724188
186288
230910
792067
605084
162264
906433
100064
587000
961112
556227
518191
172932
759887
5051
598865
966179
997435
889108
223695
913769
119844
790350
713396
510582
319965
499956
879974
537558
129741
118000
261747
316028
348909
53814
921111
511172
474451
535379
612376
949768
605811
130567
122700
879902
649822
235769
846081
647257
124877
69776
75231
244721
860126
788626
269507
694295
288582
149482
231853
418322
781685
493599
734350
130594
61618
169666
155970
536068
219250
282550
485836
825060
927321
122741
704962
577143
358509
