Vetor Ordenado:
1040
1517
2287
2296
2713
2833
3102
3184
4829
5044
5366
8854
9283
9374
10134
12749
15359
15887
16253
17260
17363
17364
20241
20261
20798
21988
22586
23102
26448
27353
27797
29286
29527
30109
31200
31646
32245
32325
34924
35158
36996
37688
37714
40358
46361
48628
48927
50542
50664
51270
51408
52256
52770
52962
53070
54737
56203
56460
57604
57660
58602
59026
59894
61957
62378
63224
63237
63545
67306
67741
67836
68141
68924
70374
70447
73539
77453
78148
81362
83248
84493
85470
88499
89952
90214
91470
91595
91795
92236
93006
94394
94933
95195
98554
98733
101007
102373
102466
102608
103598
104882
104962
106056
107212
107520
107875
108189
109527
110826
111641
113324
115216
115626
116415
117535
120830
121626
122242
122373
122866
123099
123699
124414
124420
125496
125553
128265
128947
129417
129460
133637
133852
136768
137824
137859
138135
139021
139448
139537
139641
141091
141268
143082
143129
143139
145591
148501
149493
149676
150409
152524
153798
154758
155945
158929
159011
159352
159450
159809
160198
160689
160818
162754
162956
163659
163858
164419
164508
164583
164956
170301
170634
171001
171137
171862
172086
172293
172821
173382
173566
174194
174346
175292
175616
175794
176614
178985
179984
180126
180680
180879
181927
182072
184023
184033
184863
185710
187006
187748
189116
189748
190279
191508
192198
193688
195472
197485
197694
198282
200616
201240
202044
203557
204236
205311
206397
207597
211916
211961
212563
212958
213481
214911
215103
215467
217399
220280
220392
222789
224679
224933
225718
226294
227295
227479
227507
227968
230149
230779
231964
232167
232481
234240
236253
236653
236902
237957
238137
238177
240672
241481
242125
242989
244133
244145
244349
245494
246511
246826
247377
248671
249420
251248
251723
252284
252440
252684
252783
254085
255281
256559
257304
258843
259835
261082
261741
262700
264227
264855
265204
265714
265814
266104
267289
267472
270929
270952
271339
273072
274503
274804
275603
276880
276896
279923
282237
283786
283917
285064
285982
286978
287503
288115
288966
289976
290958
294370
294541
295608
296287
296471
296784
297486
297617
298356
298441
298707
299718
300078
300122
300224
302605
302894
305085
305723
305857
307925
308450
311390
311747
311882
313296
313720
315126
316156
317858
319316
321607
321963
322591
324052
324137
332668
333995
335192
336475
337141
339157
339939
340411
344088
345156
346676
349395
349911
350680
351220
351249
352041
353002
354203
355655
357673
358453
359070
359126
359528
361979
362659
362678
364087
364843
365311
366574
367097
368179
370236
370812
370826
371253
371377
373840
375045
376042
376684
377264
377434
377486
378774
378814
379434
379657
380324
381044
381441
383069
384093
384372
384589
386041
386057
388800
389178
389764
392169
393466
393781
395095
396142
400380
401805
401965
402472
402741
403127
403341
403869
404103
407642
408981
409185
409419
409483
410031
411465
412996
413263
413958
414484
415437
415478
416001
416616
416821
417540
418601
419308
421521
422131
422199
426157
426940
427650
428035
428212
428497
431712
431732
433902
434537
434764
435295
435450
437352
439051
439153
439868
440084
440729
444278
449263
450561
450860
453060
454196
456722
458341
459393
463350
463769
463878
466085
466246
466619
467174
468114
473005
475402
475871
476177
477093
477382
478086
479035
479092
483155
488025
488218
488591
490875
490966
494032
495169
495501
495532
495790
495932
496229
499249
499928
503446
506798
507702
508151
509817
510823
511812
514383
515578
516171
516393
517661
517908
518576
519048
519336
519553
519772
519806
522698
523332
526571
527133
527565
528888
528961
529679
529796
530864
531647
531883
532644
533880
534568
534861
535501
536645
538485
539483
540369
541369
541744
542229
542885
543852
546032
546201
546592
547061
547357
547582
548037
548335
550015
550765
551179
551423
551820
553924
555214
555293
556164
557901
558444
560441
561286
561692
563563
563573
564761
565801
567076
568082
568132
568586
569327
571484
571988
573410
573449
573524
574615
575854
576054
581616
581758
583270
584066
584101
585539
587292
587420
587437
589230
590065
591107
591111
591954
592238
592811
593151
594374
595866
596567
597245
597394
598461
599054
601486
602577
606298
607270
608260
608611
608634
608643
611556
614225
616384
616438
616502
616666
616784
618306
619569
620000
621459
622040
624017
624910
625494
625661
625786
626106
626482
626586
626853
627532
627991
628290
628393
628473
629925
632502
633795
633800
635971
636494
637129
639880
640487
642353
642632
644079
647382
648954
649267
652134
652256
653385
654447
654587
655565
657060
657206
657959
658577
658593
659067
659635
661171
661548
664180
664995
666840
667507
667533
667660
668256
668476
669916
670924
671871
672194
673293
673519
673722
674015
676505
677587
680098
681258
681891
682685
683298
683624
683888
685030
685857
686998
687581
688878
689326
690504
691036
692274
692507
693839
697624
698661
698941
698965
701764
703323
704198
706411
707588
708180
708404
709326
710970
711242
712211
712228
714780
715075
716077
717644
719138
720529
721418
721591
723556
724142
726739
726940
728148
728678
729128
729444
730113
730509
731262
732705
734466
735473
736180
736604
737142
737371
737963
738439
738753
738942
743197
745019
746001
746175
746339
747569
748483
749596
750128
750474
751762
752255
752617
752841
753189
755472
755880
755883
757476
759841
761088
761135
762233
765004
765220
766116
766791
766808
768663
771009
771541
774618
775860
777931
778717
781455
784766
785075
785485
786744
787085
787272
788299
788585
790668
791188
791510
792124
792305
792680
794284
794592
796533
796931
798537
799762
800686
802504
803119
806366
806513
810942
812751
813637
813986
815722
816157
816602
816833
816876
816955
817749
818805
819514
822399
824201
824460
824900
825632
825704
826477
827250
827768
829517
829530
829998
831973
832270
832344
833652
834182
834631
835701
836117
836514
838571
838668
838860
840818
841303
841444
842298
842771
843409
844006
844095
846190
847485
848587
850722
851793
853356
853610
855045
855681
855786
856524
856990
857936
858839
860368
860699
861091
861475
863061
863724
864622
865724
866088
867155
867673
869907
870505
871439
871749
871892
876174
876831
878540
879494
880765
882842
883123
885390
885967
886086
887235
887296
888263
888444
888565
889534
892473
892738
895072
895186
895904
899682
900575
901563
903600
903836
903872
904320
905207
905578
906498
906679
906904
907757
908252
910096
911089
912237
912342
913047
914981
917871
919017
922981
923368
926157
926307
927054
927788
929766
930575
931784
933680
934582
935346
935970
936192
936280
936303
937591
938871
942034
942142
942555
946945
947853
948960
949424
950268
951457
954111
954874
956451
957674
959295
959340
959577
960135
960417
962499
963113
967533
969282
969817
971815
971920
973341
974216
974531
975152
976225
976761
976926
977409
981258
982623
983464
985933
986022
987193
987787
988700
990267
991194
991999
994397
995651
995804
998243
998803

Número de trocas: 254330
Tempo de execução: 0.001645 segundos
