Vetor Ordenado:
1459
2946
4068
4981
5051
5755
9520
9598
10180
10748
11185
11395
14095
14219
14371
14398
14994
15356
16590
19227
21100
21619
21861
24903
26639
27361
27558
28148
28231
30251
33065
34313
34701
36795
36959
37586
37925
39803
40171
42183
42272
42299
44523
44984
45212
47274
47579
47774
48453
50798
51181
53814
54680
55051
55108
56363
56975
60110
60574
61618
61979
62563
64461
65737
66274
66379
67060
67919
68285
69776
70422
72800
75231
76184
77732
78055
79019
79459
79526
79862
79913
80282
80685
82221
83471
83495
87249
87642
88253
88372
89359
89708
89798
90066
90143
90512
91253
91460
92030
94149
95220
95944
96343
97233
98133
98712
99919
100064
102546
103642
104278
104338
104340
104607
109544
111222
111952
112414
113992
115122
115877
116174
117054
117520
118000
119570
119844
121786
122003
122700
122741
122796
123843
124877
125000
125006
126587
126725
127023
128226
128539
128731
129741
130567
130594
136823
137564
139567
139613
140642
141181
141524
142594
142930
144297
144314
144936
145251
145991
147544
149015
149091
149482
150420
150917
150925
152449
153465
155970
156906
158159
158300
159029
162264
163531
163756
164057
164074
164651
166272
166598
167345
167351
167364
169666
170681
171682
171738
172932
173691
173776
174406
174965
176231
179815
179835
180134
180976
181602
182949
184220
186288
186352
186828
187691
188103
188275
189376
191520
194007
194155
194212
194379
194390
194790
199074
199226
200057
200323
200464
204390
205558
205574
205865
207092
207717
209042
209331
209453
210280
210818
211295
211537
212413
213000
213089
214536
215330
218561
219250
219297
222411
222677
222770
222820
223695
225138
225451
227285
228076
228631
230188
230910
231853
232620
233292
235769
236707
236733
238025
238372
238446
239443
239733
240464
240648
244721
250081
250337
250705
254759
255538
257074
257605
257920
258098
258610
258870
260666
261747
264756
266181
268500
269507
270441
272356
274251
274288
275302
276638
277253
278650
278712
279248
281739
282550
282816
283108
283566
284684
285146
285173
285422
286615
286859
288582
289101
290244
290845
290926
290963
292028
294086
294096
300456
300925
302857
303365
304658
304743
305426
305881
309142
309867
312864
315475
316028
318696
319965
324544
324626
330548
331265
331892
331954
332820
333287
335261
338124
338608
339269
342783
344967
347505
348909
349144
349830
351035
351459
354020
354666
357615
357929
358509
359552
361680
363403
364254
365556
365829
366280
366724
369088
369435
370109
370777
370797
371163
374806
374841
375490
376520
378020
378611
381054
381254
382762
383184
383226
383975
384902
387988
389581
390267
390739
394877
395065
395515
397577
398641
399741
400418
400537
401100
402184
402313
403214
403815
403912
404183
405890
406872
408032
408626
409657
412479
413249
414068
415123
415515
415879
416908
416986
417150
418322
418514
418546
418796
419434
419505
419514
422225
422305
422324
422637
424265
424737
424947
426288
428588
429482
429508
430553
431946
432580
434437
436524
437989
440709
443226
443229
443671
446133
446835
446865
446980
447888
450235
451957
454519
455591
455603
456208
457995
460918
461722
462238
464450
464514
464520
465953
465976
467863
469352
469372
470480
471150
471497
471521
472056
473354
473446
474451
475963
476538
476936
477116
477792
477989
478162
478180
478706
482519
482582
483823
484099
484951
485071
485560
485836
486133
486860
488369
488429
489487
490247
491345
493383
493599
494980
495661
495808
496506
496756
497840
497933
499006
499118
499956
500508
501075
501221
501954
502224
504109
506595
508184
509492
509782
510087
510582
511031
511172
511211
513053
513074
514398
515141
516025
516101
518191
519215
520307
521693
524396
525131
525550
527203
528370
529297
529365
529375
529614
532282
532452
532876
533431
533756
534385
534613
535379
536068
537018
537558
538581
538902
539425
540655
542323
544099
544141
544358
544378
546727
549362
549672
549934
550672
553612
553675
554914
555670
556227
556260
556749
556997
557001
557117
557413
557577
560080
560181
561041
563421
564353
566656
569171
570675
572992
574692
575501
576095
577143
577749
578759
579675
581101
584746
586766
587000
590109
591924
592739
593408
593893
594847
595704
595727
595982
596024
598865
599273
599713
600161
600621
601919
602358
602377
603293
604785
604877
604948
605084
605811
609275
610048
611961
612222
612376
612754
612807
613438
613941
615351
616737
617058
618655
621830
622188
623625
624005
624814
625350
625495
625916
626353
629785
630120
633065
634272
635973
636462
638348
638790
644892
644964
646548
647257
648202
648438
648712
649791
649822
650197
651296
652375
652785
654050
655034
655062
656295
657956
658504
659959
660643
663216
665025
665162
665167
665724
665783
665873
665924
666874
668125
668412
670551
671120
671631
672483
672684
674207
674212
675308
675635
675777
677253
677431
677651
679586
684176
685297
685590
687097
689455
689979
692088
694295
696181
696256
697563
697606
697615
699686
699714
699909
701182
701491
702334
703389
704962
705402
708144
708388
709721
713396
713643
714084
714716
716104
716531
716826
717696
720026
722475
722811
723545
724188
725153
727237
729820
730061
731065
731134
733715
734075
734350
734407
735089
735236
735773
736009
737324
737588
738747
739951
740129
740218
740696
740933
740943
741989
743310
744439
744822
745891
747017
750857
751272
751545
751638
753420
753515
754338
754963
756803
757146
757372
759630
759887
759990
760061
760456
761070
761755
761947
764547
765019
765364
765491
766222
766293
767619
769269
769720
772349
772565
774161
774541
776339
778549
779852
780724
781685
783444
784681
785519
786255
786311
788626
790242
790350
790425
791175
791347
791529
792067
794259
794876
796049
798299
799452
801607
803154
804354
804899
806263
807010
810438
810775
812025
812698
813333
814217
818361
818989
819275
819970
820809
820844
820860
824105
825060
826290
827696
827757
831089
833181
833386
833597
834852
834957
837261
837424
838584
840206
840322
841056
841739
842036
842452
843225
843821
846081
847145
848247
848719
849591
850605
853333
855188
856291
856381
857555
857865
858340
858999
859719
860126
861596
862293
862478
863224
864310
865191
865244
866023
868632
874160
874415
878424
879579
879831
879902
879974
881019
881155
881693
881909
883878
885615
888529
889108
890359
890571
891331
893454
895774
896213
898871
899911
900631
902301
905403
906223
906433
907295
907802
908381
909675
910144
911450
911728
912507
912777
913769
915296
915543
915696
915819
916334
917015
918510
921111
921446
922175
922297
923069
923691
923950
924034
925506
927321
930933
932370
933343
933770
936212
936537
937351
940048
941959
947112
947709
947737
948318
949635
949768
950676
951308
952527
953167
954198
954621
954817
955728
957188
958710
959627
960069
961112
961510
962134
962958
966179
967509
970833
977693
978538
979453
979660
980986
981917
982675
984661
985441
986933
987479
990370
992009
992249
992884
993860
994455
995705
995926
996404
997048
997435
999406

Número de trocas: 251529
Tempo de execução: 0.000918 segundos
