Vetor Ordenado:
1677
2777
2824
3880
4897
6514
6965
7233
8743
9490
10413
11398
13480
15118
15868
18188
18720
20748
20955
21049
21456
22184
22714
23194
25554
25689
25704
29863
30875
31094
32629
32881
32985
33007
35370
36006
36145
36237
36427
37028
37555
38578
43449
44509
47692
48169
49535
50945
51120
52000
52480
52648
55439
57861
60205
62211
66287
67035
68467
69116
75856
75893
77290
79295
79420
79628
80918
80952
81065
81386
81622
82765
82894
84303
88491
90984
91191
93569
94012
96366
96454
96669
97060
98646
98721
100982
101245
101821
101827
102715
102988
103242
106210
107250
108180
109215
109226
109322
109362
110540
111292
111339
113519
113717
114462
114782
114789
115127
115647
116421
116577
116686
121778
123128
124118
124418
125734
125804
126347
127202
128270
128481
130508
130674
133466
134051
136501
136871
138245
139282
139498
140206
141944
142104
142166
142193
142347
142485
143541
143633
145838
146345
147235
147646
147919
148271
149962
150759
150762
151186
151463
151727
152300
152597
152872
155019
155721
156765
156773
157516
158193
160842
161729
164756
165113
167995
170978
171654
175011
175363
175653
176210
176537
176898
179693
181693
183709
185088
185814
186427
187161
187857
190162
190261
191046
191843
191929
195348
196216
196241
197290
202093
204225
204289
206948
207550
213727
214239
214247
215520
215825
216450
216664
216918
218578
219363
220273
220753
221211
221627
222099
222559
223022
228684
228945
229404
231738
232235
234172
238181
238291
240220
242400
244409
246680
247946
253255
253677
255813
256713
257010
258185
258948
259138
262355
265984
269378
270078
270959
271745
273653
273705
274266
274475
274798
275479
276655
279188
283793
284236
285337
285914
287182
289362
290712
292410
292706
292912
293963
293981
294654
294710
298645
300427
300814
301041
301895
302201
304490
304605
305004
305402
308794
312452
312884
313402
315707
316179
316794
316926
317797
318213
318977
319134
319891
321125
321484
321651
321899
323398
325297
326286
326690
327125
329652
330547
332121
333285
333920
334845
335975
336383
337913
338892
339101
339357
339471
339729
340513
341500
341569
342114
345649
345949
345988
347243
347764
348290
350142
350625
351347
352671
352708
352833
353541
354307
358977
359042
361769
361818
365141
366825
367454
369171
369529
369741
369747
370084
371042
371385
372457
373669
373698
373910
374169
374447
374793
375741
379021
379198
380258
383333
383407
383869
384281
384933
384960
385971
387124
387619
388773
390319
393893
395327
395425
395977
396131
398329
399355
401099
401560
403353
404059
404118
404317
405262
405776
407642
409307
410105
410481
411284
412627
413488
414905
415441
415649
415686
417542
417629
418666
419291
420842
421254
421322
421379
421485
422848
424223
425215
426197
426205
426823
428193
428441
430280
430642
431748
431944
431952
432474
432955
433389
435288
435592
435947
437615
437625
438540
438849
439102
439142
439721
439975
440287
440637
440681
441672
442649
444611
444618
445237
445359
445788
446276
447362
448795
449733
449889
450264
450725
452549
452660
453731
455436
456081
456104
456528
456627
458132
458676
459360
460469
460643
460698
464320
464340
464538
467951
469674
469977
470289
470716
471962
472431
473686
475197
475423
475514
478294
478691
479511
479888
480182
482103
482570
486000
487868
487892
488617
488849
489791
490948
491181
491549
493361
493934
494683
495583
496073
496186
497112
498466
498927
500789
501277
501343
501877
502834
504538
505572
506155
506924
507230
510243
512567
514570
515082
516210
517013
517710
518502
519004
519124
523816
524255
524453
526551
529250
530664
530740
530931
531763
534094
534540
534614
535610
538609
538621
539176
540057
542019
542557
545542
548590
549131
551236
551840
553091
553348
554637
554904
555129
555132
555192
555957
556206
557362
558032
558124
558583
559062
559090
560956
561583
561688
564160
564617
565624
568526
570416
571435
571768
571969
573156
574145
575314
576369
577318
578814
578942
579356
581026
581741
581884
582779
583212
586580
587565
587626
588231
588678
589728
590525
591048
591160
591438
592085
593302
593403
593585
593935
594349
594844
596222
596796
597739
598152
603552
604027
604374
605492
607028
607428
607633
607904
608378
610458
612297
614276
615561
616185
616976
618949
619582
619788
620392
620480
620945
621453
621719
621775
622347
622745
623857
624579
625051
626303
626713
627424
631067
632104
635987
636264
636493
637366
638229
638775
639516
642067
643149
644047
646206
646480
647662
648912
651049
651169
651263
651267
651732
653222
654020
654723
656300
657029
657544
657682
658551
659827
659882
659977
660247
661609
661974
663841
663869
664979
665393
666618
667174
667399
668583
669720
669724
669926
670828
672173
672196
672749
673037
673094
674713
676395
676549
677420
678255
678604
679039
680561
680781
680976
683880
684273
684475
684794
685008
685360
687641
687980
689124
689920
691504
691539
692026
693248
693808
694265
694686
695516
695533
697765
698451
699401
699580
700504
702313
702593
702692
703463
705017
706108
706397
706805
708329
714057
714521
717850
722029
722952
723734
724314
724552
725624
727705
729177
730976
732420
733071
733681
734894
734945
735898
738762
739551
741819
741840
741978
742698
743528
744005
744715
746151
746821
747257
747700
748503
748703
748724
751556
752069
752311
753529
754730
755814
759230
759900
760290
760395
760600
761128
762612
764158
764467
766800
768676
769136
770519
771768
772265
772980
773091
773945
774160
774357
775192
776302
776967
777178
777462
779186
779187
779375
780775
781543
783327
784242
785003
786488
788321
788599
789024
789416
793447
793655
793827
794392
794466
795439
796803
797516
799006
799468
801690
802932
803053
803942
804031
807506
808084
809421
809973
810373
810600
811088
811104
811668
813291
814163
814578
816650
817269
821144
823349
823352
823382
825445
826651
827094
827154
828067
828756
829704
830437
831265
833266
833533
834391
835929
836170
836322
840397
842850
843986
845414
845565
845953
847151
848836
850815
852786
852857
853937
857162
857583
858701
860557
861394
863420
865069
865594
866569
866897
868712
869014
871966
872243
874370
876613
880096
881673
881873
882715
883455
884955
886169
889466
889580
890563
890700
890844
891378
891808
894631
896292
896681
896888
899038
899152
899898
900754
901123
905219
906378
908845
909771
910722
911023
911397
913178
914532
915087
915196
915291
916367
916711
917894
918629
919330
923878
924481
925449
926136
928605
929651
930199
931555
931596
932751
932893
933313
933936
934340
935434
937066
940321
940443
940481
941302
945634
946313
946936
948547
948872
950818
951336
951381
952065
953902
953915
954841
955060
955187
955206
956781
958418
958733
962443
962552
965074
966343
966838
967011
969776
970491
970784
970850
970984
971438
971857
972291
972871
973591
973635
975534
977251
977468
978807
978947
979736
980773
981034
983383
984437
984657
984872
985032
987512
988614
989004
990151
991441
991568
993318
993463
993703
996377
997223
998045
999707

Número de trocas: 4275
Tempo de execução: 0.000147 segundos
