Vetor Ordenado:
2461
2619
2750
3239
3270
3712
4766
4901
7345
7486
8394
14091
14405
15319
15547
15728
16114
16287
16442
16542
18591
19879
21200
23411
23492
23865
25583
25823
26291
27031
27034
27267
28288
29164
29790
29897
30002
30032
31870
32784
33274
34011
38032
40481
40674
46224
47126
47590
48209
48300
48699
48886
51242
54440
55704
57775
58380
58949
59805
60050
61289
62093
64993
65300
67041
67932
68229
68807
68937
71748
72770
72953
73046
76608
80211
82354
83341
83622
85142
87418
88320
88706
90023
91130
91318
91804
92826
93011
93110
93238
94930
94973
95301
96216
97550
98138
98684
99143
101711
102442
104028
105245
105303
107345
108316
108958
110520
113478
113947
117190
117740
117909
118766
120045
121201
124262
124279
125844
126534
127302
127678
128944
129111
129114
129906
130839
131081
133895
134217
135414
136813
137049
137391
143215
143697
145024
145628
147093
150080
150210
150247
150450
151239
159226
159384
159958
160541
161021
161923
165079
165451
167992
170543
172667
177429
177606
177974
179607
179883
181525
183974
185510
185567
187013
187984
189360
189933
190145
192668
192991
194217
195037
196427
196972
197506
198488
199309
201800
203730
203986
204090
205283
205542
206409
207874
207876
210815
210889
211512
215819
217344
217490
218145
218341
218490
219692
220327
220429
221396
223316
223905
223934
225071
225778
226657
226983
229582
230934
231576
233291
236163
239113
239434
240773
240805
245427
245547
246046
247185
247392
247632
247916
248516
249350
251994
252033
252100
253671
256265
256630
256863
257089
258722
258970
259729
259959
259965
260097
260888
261182
262768
264182
264792
267193
268089
268952
269157
270622
272229
272240
273328
273372
273475
274568
274743
275636
276667
279044
279197
280353
280583
281247
282265
282464
283275
284124
285773
286268
286332
286607
286832
287730
288391
288820
288833
290519
291862
293852
294465
295120
297194
297719
299164
299487
300312
300453
300526
301706
302805
303627
304217
304968
305530
306157
307084
307523
308514
308935
310089
310390
310711
312015
313776
314607
315464
317434
317838
323160
324313
326215
329702
329884
329929
330596
332444
332473
332536
332585
333314
333866
334485
334978
336111
336383
337406
337435
337487
337947
338794
339669
339839
341392
341538
341558
341630
342034
342049
342355
342694
342713
343512
345407
346072
348081
348585
349851
350948
352361
354831
355529
355886
358176
358641
362939
364078
365864
366151
366587
367949
368295
368486
368649
368895
372219
373177
374196
376181
377017
377149
378338
379981
381051
381787
382336
383162
383988
386842
390068
390482
390994
393250
394273
394927
395079
395512
395805
396499
396571
397154
397158
397806
399267
399520
399672
400046
401956
402411
402836
403606
405319
405515
405588
406324
406866
407318
407376
407855
408475
409590
409807
413597
414377
415497
417483
417493
417728
419077
419819
420635
420708
421062
421316
424519
424687
424778
425380
425410
426211
426978
428687
429637
429693
431375
433091
435440
436518
436733
437551
439198
441002
441601
443264
444033
445087
445372
446454
447135
447372
447740
448442
448910
449374
449800
449924
450799
454058
454183
455997
456316
461789
461935
465006
466044
467030
468502
469431
469760
472020
474816
474985
476411
476876
477042
479935
480550
481413
481579
482452
483459
484237
485037
485661
486047
489141
490028
490281
491102
491471
492149
492699
492715
492912
493477
495981
496884
496998
498300
500105
500155
500736
503757
504565
505035
505356
505397
505598
507190
509301
510434
510501
510660
511161
512437
512819
513512
513708
515119
518319
519318
519652
519863
521210
521892
522066
522308
522607
522816
523386
523545
523990
524085
524996
526449
526615
526825
527049
528268
528891
529026
530983
531812
532538
534302
534740
536194
538773
541052
541243
542461
542479
543873
543899
544970
544973
545379
546029
546334
546577
547916
552691
553554
553883
555248
555764
556134
556135
557155
557722
558788
559109
559557
560439
561414
561920
562441
563660
564864
564910
566815
567468
571337
572275
572665
573374
573838
573950
574523
578567
578691
579009
582752
583142
583834
584211
584630
585217
585581
586536
587808
588018
588561
589502
589605
589656
589953
590228
592899
593455
594390
595883
598036
598189
598445
599451
599731
601075
602354
602498
603058
603901
605546
606774
609302
609674
609694
611191
611565
611960
612293
612723
612736
613111
614150
617740
617754
621445
621932
623831
624494
624586
624914
625800
626144
627321
628257
630190
630263
630319
630565
632651
633184
633923
634182
634202
634702
634708
635451
636730
638112
641742
645154
646708
649386
652373
654208
654955
656503
657704
658016
658096
658418
660099
660432
660450
660703
662662
663230
663352
664260
664441
664592
664689
666033
668135
668632
670595
671090
671619
671929
672534
673204
676619
676985
677121
677759
677797
679279
679359
679988
680425
681091
682429
684913
685395
686623
687756
687803
687972
688390
689861
689933
692169
692455
693282
693613
694409
694422
695885
696589
697754
697854
700640
702927
705996
707243
707344
707405
707766
708778
709573
710422
713281
713482
716319
716380
721548
722004
724591
726458
727292
727399
728673
732637
733359
733474
733885
734412
735079
735498
735974
736502
737339
738234
738533
739857
740647
741806
750358
752037
755909
758704
759946
760545
760665
760695
762945
763961
764579
767321
768550
768774
770907
771245
771356
771917
772091
773058
774914
778619
781079
782612
783170
784791
786181
786462
786705
787325
787373
790105
791026
792017
792421
796951
798299
798666
799647
799766
800320
800557
803038
806382
808080
808178
808403
809158
809657
810172
810204
810776
811467
812182
812807
818728
819963
820103
820814
821489
823493
824398
824881
825249
825608
825980
826634
827588
828072
828320
828976
831744
832577
834633
835138
836238
836853
837021
837381
837655
838173
838458
838627
838738
839044
839771
839981
840341
840634
840675
841515
843830
844327
845062
845081
845105
846276
847015
848672
849379
849598
850415
853373
853602
854031
854300
856278
856867
857910
858799
859384
861503
861592
862171
863062
863888
865604
865879
865996
867875
869425
869537
870988
871591
872614
873073
873192
874367
874394
875738
875944
876113
876669
881051
883589
884045
885412
885502
886447
888929
892721
893885
894082
894467
896334
896773
900683
901095
901432
901899
902258
902413
903202
903322
903757
903998
904419
906265
906890
906898
907714
910816
912596
913387
914556
914710
914780
916167
916400
916513
918074
921571
922488
926104
927526
927601
927920
929049
929900
930561
931205
931777
933358
935974
936856
937400
940844
942513
943851
944889
946938
948943
952667
953665
955999
957692
957987
958599
958698
960158
960232
960558
961967
962027
964978
965191
965638
966431
967657
968915
970141
970820
971022
971100
971197
971953
972388
974974
975085
976298
976433
976939
980442
981007
981064
981254
982076
983696
984405
985499
986344
986682
989414
990292
990502
990984
992292
993711
993746
994894
996167
996257
998264

Número de trocas: 8668
Tempo de execução: 0.000154 segundos
