Vetor Ordenado:
1116
1411
3046
3569
4099
5183
5361
5368
10244
11575
12226
13094
13832
14091
14477
14752
15201
15571
15833
17360
17392
18241
19999
20626
20766
21828
22658
23476
23806
25943
33236
35836
36566
36662
39310
39340
40223
41946
42100
42980
44165
44210
44544
45029
45995
46701
50101
50811
53916
56421
58571
59291
59885
59890
61476
62283
62838
65712
65764
66433
66834
69834
71834
73423
73779
73880
74947
75955
76243
76830
78219
78690
79933
80347
80560
81522
81523
81712
86360
87225
87425
89383
92386
92722
93370
93443
94444
94782
98427
98622
99755
100104
102363
102524
103755
104368
105531
105930
106278
106973
107945
107966
108077
108416
109536
110571
110700
112263
112819
112878
113825
114017
114245
114677
116557
119289
120167
121767
123286
124067
125754
127898
130192
131327
131440
132770
132812
135197
137524
139540
140578
141150
143399
143663
144332
144701
144986
145405
145593
148636
148706
149405
151875
155710
156844
157992
158955
159196
162622
162692
163353
163532
165200
166565
166771
167185
169481
174840
175012
175792
175793
177037
178402
178424
179887
180744
182118
184062
184293
186252
187089
191806
192452
192508
195610
195708
195822
197424
197960
198884
200444
200862
201036
201598
201621
201701
202432
202647
203266
203723
206248
206363
206929
207354
208450
209498
213179
213876
214157
215591
216579
217511
219013
219429
220297
221299
224255
225018
227200
229193
230245
231625
232710
233545
234573
234989
235595
235701
235850
236270
237121
237288
237347
240202
243978
245588
247377
249265
249402
250935
252691
253131
253850
253866
254310
254623
254666
255773
255950
256018
257212
259291
259562
260335
260444
260711
261409
261488
261779
261836
262255
263890
263966
266410
266769
269623
270079
270336
271282
271541
274316
274719
275515
276537
276638
277088
277503
278861
280483
280650
281191
281317
281357
281720
284700
284766
285093
285642
288796
290960
292389
292517
293152
294339
295545
296348
297227
297888
297937
297968
298768
299302
299541
301564
301676
301680
301689
302858
303761
303889
304951
305040
306206
306649
307552
307980
308446
312718
312861
313509
315074
316184
316256
317589
319389
319934
321661
322385
324499
327237
328130
328444
329189
329619
330335
330658
331060
331195
332134
332839
333211
333262
334240
334557
336174
337774
339303
339385
340609
341341
342578
342977
343564
343681
344819
345161
345819
345929
347096
347912
349550
349807
350026
350314
350403
352486
353217
353805
354237
354328
355553
355616
355712
356441
356774
357373
357991
358471
359714
360795
361425
362220
363530
364270
365357
365359
367339
368288
369553
370747
373702
374425
375875
378041
379537
379846
381460
381817
381826
382351
383464
384052
386142
387616
387969
390550
391251
391650
392555
392759
393456
394456
394954
396320
396342
398692
399547
399694
400197
400215
403691
405246
405282
405805
406586
406617
406885
411436
411665
412344
413294
414332
414556
415765
417677
418143
419273
419917
420366
422743
423975
424126
425742
426356
426868
428926
431919
435510
436006
437963
438245
438890
439419
440381
440721
443386
443463
443581
445347
446236
446244
446663
448231
448452
449491
450840
452172
453092
453815
455610
457762
458117
459255
460567
461630
463017
463224
464366
465139
465804
466915
467172
472847
473317
475212
477190
477371
477391
479748
480585
480689
480972
481478
481648
482405
485120
485789
486390
486742
486841
488018
488249
488666
490780
491111
491879
492169
493459
493640
494391
495394
495832
496970
497895
498412
498600
500514
500858
504125
505247
505277
505710
506719
506867
506890
509630
510497
516346
516928
517311
518294
519111
519131
520145
521066
521334
522019
523707
526649
529810
535475
536308
536585
537342
537483
538303
539341
540141
540454
542536
543441
544662
545322
548043
548719
551306
552358
553080
553579
553614
554629
554634
556238
557329
558893
563719
564011
564023
564880
566909
567088
567156
568857
571215
571662
573529
575057
575869
578541
579981
580086
582549
585937
586747
588740
591843
592634
593319
593837
594900
595362
596725
597243
597714
599211
599805
599943
600043
601343
601430
601742
601874
602465
604064
607471
609002
609240
609693
611438
611586
612971
613262
613278
616543
616824
616958
617003
617187
618347
618843
619038
619955
623467
623551
623689
627140
627149
627452
627587
628338
629981
631073
631324
632299
632751
633299
633472
634293
634475
634689
636150
638123
639307
639540
639942
641026
642444
642576
644566
644807
645795
645802
647207
647897
648459
648870
649102
649367
649797
651155
654894
655674
657217
657649
659414
662964
664358
665888
665980
666690
668880
669282
669311
669526
670615
670676
670726
671472
671976
672088
672573
674346
674390
674827
676760
676776
676832
678424
678952
679762
679906
680763
681564
681958
684974
685764
687445
687551
687575
688850
690886
691936
692411
692526
694518
698738
701545
701598
701638
702436
705399
706008
706266
706427
707022
707823
708985
709507
710486
712917
713755
713827
713926
714432
714698
715207
716362
716589
716790
717309
717925
717999
718087
719720
720412
720567
720765
720772
720937
720938
720963
721205
722117
723698
723722
725761
726655
727718
728269
730541
730903
732548
732753
734309
734419
734609
735093
735717
736105
737780
737997
739629
740953
742107
742555
744389
745906
746416
746998
748894
749380
749746
749915
755338
756103
757507
758156
758687
760271
760496
760549
760865
763510
765166
765663
765706
766030
767278
767468
767760
768063
768504
768846
769117
771613
773594
773729
777453
778290
782160
782335
782981
783850
784585
784928
785578
788037
788186
789910
790584
793556
793931
796777
798385
798983
799166
800184
801181
801201
801493
803058
804248
808488
809533
810860
811189
813551
814005
817131
817403
817634
822612
823164
825343
825445
827510
827816
828826
829039
830670
830706
833484
834443
835069
835274
835704
837906
838430
839706
840938
841684
842160
842206
843834
844574
844792
845214
845283
846879
848666
849030
850543
853058
853270
853527
853824
853980
854121
855959
856358
857769
857863
859672
861143
861568
862406
863243
863790
863802
863924
864174
865803
865947
866992
867901
870266
870913
871076
871596
874792
875055
875329
876732
878269
879247
879871
879990
881566
884635
884972
885254
885320
889388
891654
891807
892081
892404
892497
892687
895619
895732
900276
900397
902345
904597
904654
905098
905271
905338
907169
908311
909702
911182
911362
911819
913381
913950
915734
916785
917378
918166
918586
918858
918932
919152
919549
920341
921932
921952
923758
924734
925400
925628
925747
927059
927326
928368
932193
932980
933076
933312
933927
934458
934837
936071
936408
937278
937655
937872
940887
942857
946353
947613
947719
948934
949876
951206
952604
954950
956727
959726
960864
961910
962006
963047
963199
965029
966046
966442
966451
968365
969306
970761
971246
971901
972257
972393
973674
973892
975104
975343
976332
978094
979397
979508
980267
981769
981937
982332
983208
986397
987001
989098
989129
993144
995270
996367
996601
999120
999718

Número de trocas: 7225
Tempo de execução: 0.000146 segundos
