Vetor Ordenado:
234
1082
1292
2933
6223
6582
7337
7408
7490
8568
11272
11991
12754
15025
15248
15264
16490
16583
17486
18378
21640
21849
23718
24619
26241
26993
27280
31110
31949
32277
32868
36089
43117
44492
45077
45622
45883
46320
46721
46835
47548
49273
49777
51422
53172
53680
53774
55378
56047
57110
57299
57948
58934
59879
62115
62756
63518
63657
63689
64372
64528
65630
66812
74089
76293
77341
77431
77454
79324
80003
81970
82045
86983
87000
87409
87487
88894
89754
93551
94397
96497
98548
99211
100896
101539
102118
103298
103685
104888
105347
105719
105925
107017
107716
107833
108197
109468
111183
111834
112191
112292
112296
112743
112859
115964
117350
118130
118828
118927
118975
119163
120511
120778
121291
122181
124291
125249
125708
126651
127386
127907
128392
129016
131572
133827
136988
138869
139367
141142
144146
146361
147182
147890
148374
148425
150004
150916
154052
155129
157766
158610
161140
163672
164837
166211
166974
167523
170269
172180
173181
174733
177299
177682
180163
182364
182817
183076
183235
184313
185939
186497
186536
186931
189081
195440
196120
199197
200336
201504
202123
202741
203498
203648
204608
208245
209759
211189
211388
214079
214864
215268
217068
217259
217706
218782
219492
221884
224441
225582
231943
232040
232680
233016
234751
236226
236935
236942
237114
237582
237905
237920
238111
239432
239526
243453
243882
244562
246106
248186
249725
250034
250409
251839
253597
253930
254005
254520
255453
255768
256535
257934
258401
258613
259333
259601
259816
261293
261653
262399
263437
263688
265508
265631
268021
268064
268153
268608
269516
270229
270601
270801
272480
273438
275798
275898
278014
279400
279814
279847
280950
281143
281802
283056
285522
287116
287156
288812
289318
290217
290670
290713
293673
294885
294900
295782
295820
296502
296836
298189
298727
305561
306518
308860
308958
309075
309590
310686
310841
311189
311424
312557
312775
316147
316507
317037
317188
319110
322148
323703
325904
325994
326199
328153
329025
329477
329803
330070
332897
334132
334479
335893
336033
336863
337115
339110
339181
340924
341018
341043
341181
341695
342611
343454
347494
347682
347727
347869
351304
352606
353332
354103
354237
354344
354537
355276
355332
357836
358328
359571
359610
361156
361229
362237
362882
363640
364372
366192
366342
367418
369455
370143
370665
372463
377768
380218
381079
383179
383335
383437
385633
390148
391593
392015
392147
392910
393367
394475
396151
396516
396672
396677
396957
397614
398959
399923
400105
400485
401720
402053
402121
407343
407575
407826
409121
411387
411439
411621
411779
414796
414872
415192
415731
416201
416962
418696
418816
421148
421424
423464
424839
425901
426124
426240
426961
431916
433702
434411
435038
436503
437331
437407
438022
441710
441833
445064
446779
448449
451566
452004
452181
454268
454470
454951
455405
456377
459254
459278
460329
462281
463080
463384
464165
465256
465633
466260
467223
468561
470018
472626
474532
475004
475575
475782
476065
476883
478383
478943
479122
480839
481337
482946
483259
483547
483915
485903
487091
488025
488895
489016
489260
491245
492691
492985
493145
493428
493455
493503
494648
496355
496525
496569
496603
498916
499336
500135
500384
501453
502371
503413
503676
504386
506107
506607
506872
507188
509379
514563
515627
518357
518924
519615
520514
523149
523799
524403
525188
525831
525846
526453
527272
527382
527671
527740
527763
527842
528318
529896
534178
534409
535274
538213
539915
540380
544338
546722
547307
547583
550743
550773
553672
555710
557527
558271
558583
559917
560470
561146
561723
562238
563489
564862
565980
568237
568901
569833
569846
570631
570861
572066
572295
572514
572740
573185
574430
575419
576740
576828
577437
578967
579514
579718
579998
580204
580237
580648
581136
581186
581537
582450
583363
584449
584809
585029
585181
585732
586476
587036
588181
588469
588519
588812
590645
591114
592069
592970
594823
595352
595418
597429
597584
599833
599934
600696
600935
603453
603691
604746
605233
606179
607386
608712
609504
610884
610969
612760
612892
614272
614544
616501
616823
616893
618074
618661
622401
622438
622450
623243
623303
624431
624610
625247
625452
627373
628363
628758
629374
630543
630950
632800
633283
633562
633577
633916
633945
634218
634405
635379
635656
636959
638830
640318
642562
644144
647557
648462
650255
650604
650861
651003
655547
655879
656457
656518
658544
658784
659004
659937
661387
662366
668589
668676
669041
669527
670231
670517
671162
671522
674012
674440
674443
675561
675975
676071
676478
676809
677021
677058
678960
679100
679131
679167
679530
680387
682295
682593
686173
687306
688990
690745
690923
691862
693085
693261
695568
695966
697319
698790
699415
699636
700286
700685
704058
704879
705735
706310
706964
707155
708521
708757
710729
714206
714946
716195
717310
717364
720132
720150
720673
724459
724486
725463
728116
728446
728920
729192
731193
732339
732453
733139
733715
733828
734134
734744
735156
735595
736665
739250
739351
739372
739694
741045
742091
742798
745375
746011
748227
748255
749008
749278
750268
751622
751897
752029
752703
752899
753771
754536
755502
758140
758561
758912
760100
760838
761323
761974
762440
762469
763464
765317
765482
766315
768945
769030
769236
770049
771171
774291
775040
776264
776278
778170
780569
782982
783842
784545
786446
788224
788439
788611
788766
790441
790925
791184
791641
792136
793791
796592
796772
797179
797296
799128
799695
799696
800901
802539
803303
805019
805034
806349
806994
808025
808712
809900
810120
811106
814475
814668
815777
819190
819905
823312
823843
823880
824100
824104
824168
824560
825534
825938
826448
827907
828070
829433
829651
829780
829875
830561
830907
832682
832889
833991
834574
834710
835382
835398
836156
836638
836774
838283
839798
842566
843567
844298
845694
846639
848239
849193
851205
851939
852867
852969
853196
853383
854259
855030
855158
857901
858161
858334
859203
859333
859488
859718
860235
860493
864383
864506
864607
864713
867969
868958
869424
869996
870650
871853
872251
873611
873920
874811
875938
876077
879712
881609
882234
882638
884225
884240
887498
887775
888606
890909
894711
895779
899925
900232
901243
901851
903249
905190
905808
910193
910501
911109
911982
912455
912697
914705
915208
915643
917250
917825
918360
918814
919942
919945
922346
922600
924263
924287
925408
925619
926368
927855
928210
928503
929332
931724
932516
932559
932812
932907
935964
936271
936627
937074
937174
938066
940735
941272
941604
942000
943133
943654
943981
944508
945927
946938
948195
949361
950064
950501
950941
951181
951771
951821
952531
953842
953937
954710
954934
955421
955793
957492
957592
957867
958242
958517
958778
959034
959756
961336
961462
962109
962366
962516
962777
962862
963442
964062
964458
964494
965227
968387
969354
969918
970485
971890
972388
972716
974687
978037
979622
980474
981226
981572
984673
985886
986322
987838
987871
987882
990351
990657
991751
993976
994431
994443
997937
998554
998649

Número de trocas: 8731
Tempo de execução: 0.000150 segundos
